7 19 82 104 2 22 12
130 145 112 147 2 35 15
211 244 112 146 2 34 33
88 115 115 149 2 34 27
2146 2191 109 124 2 15 45
163 196 112 147 2 35 33
1933 1981 109 133 2 24 48
1981 2038 109 132 2 23 57
256 286 112 146 2 34 30
148 160 154 182 2 28 12
169 196 154 182 2 28 27
205 217 154 182 2 28 12
226 250 154 182 2 28 24
742 811 109 183 2 74 69
928 997 109 183 2 74 69
88 109 157 184 2 27 21
115 142 157 182 2 25 27
259 286 154 181 2 27 27
2122 2164 142 170 2 28 42
346 409 106 179 2 73 63
1648 1723 109 183 2 74 75
1807 1885 109 182 2 73 78
415 502 106 181 2 75 87
508 574 109 182 2 73 66
1150 1216 109 182 2 73 66
1222 1261 109 182 2 73 39
1300 1369 106 181 2 75 69
1381 1450 109 181 2 72 69
1456 1522 109 187 2 78 66
1522 1591 109 182 2 73 69
1597 1636 109 182 2 73 39
631 688 109 183 2 74 57
697 736 109 183 2 74 39
817 874 109 184 2 75 57
883 922 109 183 2 74 39
1006 1075 109 182 2 73 69
1726 1798 109 182 2 73 72
1960 2032 160 185 2 25 72
2038 2140 142 185 2 43 102
58 313 97 195 2 98 255
265 280 220 239 2 19 15
94 109 223 241 2 18 15
859 874 223 243 2 20 15
877 895 223 243 2 20 18
922 937 223 243 2 20 15
940 955 223 243 2 20 15
958 976 223 242 2 19 18
979 994 223 242 2 19 15
1060 1075 223 243 2 20 15
1078 1096 223 243 2 20 18
1156 1171 223 243 2 20 15
1198 1210 223 243 2 20 12
1255 1273 223 243 2 20 18
1336 1348 223 243 2 20 12
1354 1366 223 243 2 20 12
1372 1387 223 243 2 20 15
1390 1405 223 243 2 20 15
244 262 220 240 2 20 18
415 430 223 241 2 18 15
1000 1015 223 242 2 19 15
1216 1234 223 243 2 20 18
1843 1870 223 243 2 20 27
307 334 220 240 2 20 27
1039 1057 223 243 2 20 18
1099 1117 223 243 2 20 18
1135 1153 223 242 2 19 18
79 94 223 241 2 18 15
685 727 223 245 2 22 42
1696 1777 223 244 2 21 81
2047 2095 220 242 2 22 48
154 223 220 241 2 21 69
358 415 223 241 2 18 57
607 682 223 246 2 23 75
1237 1252 223 242 2 19 15
1903 1972 223 245 2 22 69
1966 1987 223 244 2 21 21
1990 2038 223 243 2 20 48
2107 2200 220 244 2 24 93
541 613 223 246 2 23 72
901 916 223 243 2 20 15
1294 1315 226 245 2 19 21
1792 1840 223 243 2 20 48
2161 2200 283 389 2 106 39
250 268 286 389 2 103 18
277 319 286 389 2 103 42
412 427 286 390 2 104 15
436 481 286 391 2 105 45
2017 2062 286 389 2 103 45
2113 2158 286 389 2 103 45
487 526 289 391 2 102 39
661 703 289 393 2 104 42
712 754 289 392 2 103 42
799 844 289 392 2 103 45
889 931 289 392 2 103 42
961 1000 289 393 2 104 39
1102 1147 289 392 2 103 45
1357 1402 289 392 2 103 45
1684 1699 289 391 2 102 15
2071 2110 286 390 2 104 39
58 100 289 393 2 104 42
1234 1258 289 391 2 102 24
1264 1306 289 392 2 103 42
1312 1354 289 392 2 103 42
1462 1498 289 392 2 103 36
1765 1813 289 392 2 103 48
619 655 289 391 2 102 36
1009 1054 289 392 2 103 45
1408 1453 289 392 2 103 45
1711 1756 289 392 2 103 45
1963 2008 286 389 2 103 45
364 403 286 391 2 105 39
1861 1906 286 393 2 107 45
1909 1951 286 391 2 105 42
106 145 289 393 2 104 39
157 196 289 393 2 104 39
205 244 286 391 2 105 39
535 577 289 393 2 104 42
844 886 289 393 2 104 42
1150 1189 289 394 2 105 39
1504 1546 289 393 2 104 42
1555 1591 289 392 2 103 36
1636 1678 289 393 2 104 42
1930 1945 415 454 2 39 15
2173 2194 430 483 2 53 21
739 760 436 486 2 50 21
142 184 436 487 2 51 42
685 727 433 487 2 54 42
76 139 436 487 2 51 63
343 358 457 481 2 24 15
457 469 460 482 2 22 12
490 502 460 482 2 22 12
1000 1015 460 483 2 23 15
538 550 466 483 2 17 12
523 535 460 483 2 23 12
955 973 460 483 2 23 18
1018 1036 466 483 2 17 18
430 454 466 482 2 16 24
220 280 430 484 2 54 60
937 952 466 483 2 17 15
1159 1192 457 500 2 43 33
2116 2170 430 483 2 53 54
187 208 433 486 2 53 21
763 811 433 487 2 54 48
1564 1597 457 499 2 42 33
394 418 457 482 2 25 24
640 682 433 487 2 54 42
907 922 460 483 2 23 15
1417 1444 463 500 2 37 27
1195 1252 457 500 2 43 57
1264 1345 457 500 2 43 81
1348 1384 475 500 2 25 36
1387 1414 457 500 2 43 27
1456 1552 457 500 2 43 96
1198 1228 514 555 2 41 30
1258 1297 514 555 2 41 39
1645 1672 514 555 2 41 27
1405 1420 520 556 2 36 15
196 217 529 559 2 30 21
1231 1246 529 556 2 27 15
1432 1444 529 556 2 27 12
1735 1750 529 555 2 26 15
2053 2068 529 558 2 29 15
2113 2131 529 558 2 29 18
595 616 532 562 2 30 21
1384 1405 529 556 2 27 21
55 67 532 563 2 31 12
1993 2008 535 559 2 24 15
2035 2050 535 558 2 23 15
2134 2152 535 558 2 23 18
2188 2203 535 558 2 23 15
220 232 538 559 2 21 12
235 247 538 559 2 21 12
619 634 538 562 2 24 15
718 730 538 562 2 24 12
2008 2023 529 558 2 29 15
2077 2104 529 558 2 29 27
286 301 538 559 2 21 15
103 127 532 562 2 30 24
733 763 538 562 2 24 30
781 808 532 562 2 30 27
1300 1315 529 555 2 26 15
1366 1381 529 556 2 27 15
1537 1570 529 556 2 27 33
1615 1633 529 555 2 26 18
1669 1714 511 555 2 44 45
1714 1732 529 555 2 26 18
1762 1813 514 555 2 41 51
1318 1363 514 556 2 42 45
1456 1537 514 556 2 42 81
1573 1615 514 556 2 42 42
1816 1855 511 555 2 44 39
250 283 538 566 2 28 33
811 847 538 569 2 31 36
1948 1990 529 559 2 30 42
2152 2164 529 558 2 29 12
139 157 532 562 2 30 18
160 172 541 562 2 21 12
649 688 532 562 2 30 39
691 703 538 562 2 24 12
703 715 535 562 2 27 12
1462 1486 568 611 2 43 24
1828 1840 568 610 2 42 12
1894 1912 568 609 2 41 18
1873 1888 571 609 2 38 15
1258 1285 568 611 2 43 27
1438 1453 586 612 2 26 15
1486 1507 586 612 2 26 21
1588 1609 568 611 2 43 21
1396 1435 568 612 2 44 39
1612 1648 586 611 2 25 36
1840 1861 583 620 2 37 21
1303 1333 586 611 2 25 30
1285 1303 586 611 2 25 18
1516 1576 568 612 2 44 60
1657 1717 568 611 2 43 60
1720 1777 586 620 2 34 57
1789 1828 568 611 2 43 39
2026 2038 607 631 2 24 12
2191 2203 607 631 2 24 12
55 70 613 637 2 24 15
1951 1966 607 631 2 24 15
289 301 616 634 2 18 12
1345 1393 586 621 2 35 48
2146 2158 616 631 2 15 12
184 196 619 634 2 15 12
2131 2143 607 631 2 24 12
2170 2188 616 631 2 15 18
637 649 619 642 2 23 12
673 691 619 635 2 16 18
2065 2086 607 631 2 24 21
85 97 619 636 2 17 12
778 796 619 636 2 17 18
799 853 610 636 2 26 54
409 454 622 648 2 26 45
223 235 646 670 2 24 12
424 454 640 668 2 28 30
1429 1444 646 661 2 15 15
73 85 649 674 2 25 12
604 619 649 673 2 24 15
1975 1987 646 669 2 23 12
2017 2029 646 668 2 22 12
2044 2056 652 668 2 16 12
2113 2125 652 668 2 16 12
157 172 655 672 2 17 15
670 682 655 672 2 17 12
718 730 655 673 2 18 12
811 823 655 672 2 17 12
2098 2110 646 668 2 22 12
175 196 649 672 2 23 21
271 283 655 670 2 15 12
2128 2152 652 675 2 23 24
763 778 649 672 2 23 15
940 1015 649 694 2 45 75
2125 2137 712 730 2 18 12
2179 2191 712 730 2 18 12
268 286 715 733 2 18 18
598 610 715 731 2 16 12
811 829 712 731 2 19 18
2089 2107 715 735 2 20 18
157 175 715 735 2 20 18
2023 2041 712 730 2 18 18
55 70 718 737 2 19 15
715 748 712 732 2 20 33
838 856 712 731 2 19 18
751 790 712 732 2 20 39
652 664 739 758 2 19 12
805 826 739 757 2 18 21
2050 2062 739 757 2 18 12
2125 2137 739 756 2 17 12
142 154 742 763 2 21 12
202 214 742 760 2 18 12
241 253 745 760 2 15 12
1972 1990 739 757 2 18 18
2098 2113 739 757 2 18 15
2065 2080 742 757 2 15 15
76 97 745 763 2 18 21
217 238 742 760 2 18 21
748 763 739 758 2 19 15
2095 2113 763 782 2 19 18
634 646 766 784 2 18 12
763 784 766 784 2 18 21
1984 2005 763 783 2 20 21
2044 2065 766 782 2 16 21
649 667 769 788 2 19 18
160 178 769 787 2 18 18
2116 2170 763 783 2 20 54
877 889 1000 1015 2 15 12
901 913 1000 1015 2 15 12
925 943 1018 1034 2 16 18
505 517 1060 1075 2 15 12
958 988 1075 1091 2 16 30
475 487 1114 1129 2 15 12
331 343 1132 1147 2 15 12
376 391 1186 1228 2 42 15
394 409 1186 1228 2 42 15
412 430 1186 1228 2 42 18
469 487 1186 1228 2 42 18
448 466 1186 1228 2 42 18
349 373 1186 1227 2 41 24
490 511 1186 1228 2 42 21
1897 1912 1216 1259 2 43 15
1765 1780 1219 1261 2 42 15
1807 1822 1219 1260 2 41 15
1876 1894 1219 1260 2 41 18
928 943 1222 1265 2 43 15
1048 1063 1222 1265 2 43 15
1459 1480 1222 1263 2 41 21
1567 1591 1222 1262 2 40 24
514 553 1186 1229 2 43 39
1066 1081 1225 1265 2 40 15
1270 1294 1222 1263 2 41 24
1000 1045 1222 1265 2 43 45
1222 1234 1228 1264 2 36 12
1513 1531 1237 1263 2 26 18
1531 1552 1237 1272 2 35 21
1786 1804 1219 1260 2 41 18
1399 1426 1222 1262 2 40 27
973 997 1222 1265 2 43 24
946 970 1222 1265 2 43 24
1480 1510 1237 1263 2 26 30
1708 1762 1219 1262 2 43 54
1840 1855 1219 1260 2 41 15
1858 1873 1216 1260 2 44 15
907 925 1222 1265 2 43 18
1162 1177 1237 1263 2 26 15
1591 1612 1219 1262 2 43 21
1141 1159 1222 1264 2 42 18
1180 1222 1237 1263 2 26 42
1237 1255 1237 1263 2 26 18
1294 1330 1237 1263 2 26 36
1333 1381 1237 1263 2 26 48
1429 1459 1237 1273 2 36 30
325 337 1267 1297 2 30 12
400 415 1270 1298 2 28 15
430 442 1270 1298 2 28 12
475 490 1270 1298 2 28 15
493 505 1276 1298 2 22 12
556 574 1276 1299 2 23 18
358 370 1276 1298 2 22 12
445 463 1276 1298 2 22 18
1162 1192 1279 1319 2 40 30
1321 1333 1285 1319 2 34 12
1336 1354 1294 1319 2 25 18
1378 1396 1294 1328 2 34 18
1399 1417 1294 1319 2 25 18
382 397 1276 1298 2 22 15
517 544 1276 1298 2 22 27
1354 1375 1294 1328 2 34 21
1420 1438 1294 1328 2 34 18
1870 1891 1303 1335 2 32 21
1771 1795 1306 1334 2 28 24
1015 1042 1309 1338 2 29 27
1681 1699 1306 1336 2 30 18
1195 1237 1276 1319 2 43 42
1300 1321 1276 1319 2 43 21
1501 1567 1276 1318 2 42 66
1570 1642 1294 1319 2 25 72
988 1000 1318 1338 2 20 12
1699 1714 1312 1342 2 30 15
1735 1759 1312 1335 2 23 24
1798 1822 1312 1334 2 22 24
10 22 1321 1341 2 20 12
949 985 1309 1338 2 29 36
1045 1069 1318 1345 2 27 24
1081 1111 1318 1339 2 21 30
1825 1858 1312 1334 2 22 33
1918 1930 1312 1333 2 21 12
1180 1207 1333 1374 2 41 27
1234 1264 1333 1375 2 42 30
1648 1666 1333 1374 2 41 18
1717 1732 1312 1335 2 23 15
868 901 1309 1338 2 29 33
904 934 1309 1339 2 30 30
1114 1126 1318 1339 2 21 12
1498 1513 1336 1374 2 38 15
1606 1624 1336 1374 2 38 18
1627 1645 1336 1374 2 38 18
1531 1591 1336 1375 2 39 60
1207 1228 1351 1375 2 24 21
1264 1285 1348 1385 2 37 21
1285 1342 1348 1384 2 36 57
1345 1363 1351 1385 2 34 18
418 430 1357 1372 2 15 12
463 475 1357 1372 2 15 12
502 514 1357 1372 2 15 12
484 499 1357 1372 2 15 15
433 445 1357 1376 2 19 12
1426 1444 1348 1375 2 27 18
1453 1471 1333 1380 2 47 18
1474 1495 1336 1375 2 39 21
1366 1426 1339 1375 2 36 60
1753 1765 1393 1408 2 15 12
475 493 1393 1409 2 16 18
1069 1081 1396 1412 2 16 12
1099 1111 1396 1412 2 16 12
1816 1828 1387 1408 2 21 12
424 436 1393 1409 2 16 12
868 880 1390 1412 2 22 12
1834 1846 1423 1445 2 22 12
889 901 1426 1448 2 22 12
1867 1879 1429 1445 2 16 12
973 985 1432 1449 2 17 12
904 916 1432 1449 2 17 12
1036 1048 1426 1449 2 23 12
1711 1723 1423 1446 2 23 12
1849 1867 1429 1444 2 15 18
469 481 1450 1468 2 18 12
508 520 1453 1468 2 15 12
319 343 1450 1467 2 17 24
382 430 1450 1468 2 18 48
559 580 1450 1468 2 18 21
1138 1183 1462 1477 2 15 45
355 370 1477 1494 2 17 15
490 502 1477 1494 2 17 12
331 355 1477 1494 2 17 24
412 436 1474 1494 2 20 24
1750 1762 1486 1505 2 19 12
1831 1843 1486 1504 2 18 12
373 391 1480 1498 2 18 18
451 481 1474 1494 2 20 30
547 568 1477 1498 2 21 21
919 931 1492 1511 2 19 12
1903 1918 1486 1504 2 18 15
1684 1705 1486 1506 2 20 21
1795 1816 1486 1504 2 18 21
508 520 1501 1520 2 19 12
1054 1066 1495 1512 2 17 12
1096 1117 1492 1511 2 19 21
1864 1891 1489 1504 2 15 27
349 364 1501 1519 2 18 15
1012 1033 1495 1511 2 16 21
886 901 1495 1515 2 20 15
436 448 1501 1520 2 19 12
1834 1846 1516 1531 2 15 12
1846 1858 1516 1531 2 15 12
367 382 1504 1520 2 16 15
1033 1045 1519 1538 2 19 12
1876 1912 1513 1531 2 18 36
979 994 1519 1538 2 19 15
883 907 1519 1538 2 19 24
1006 1018 1525 1542 2 17 12
1732 1750 1513 1536 2 23 18
1732 1747 1540 1558 2 18 15
916 928 1546 1564 2 18 12
1036 1051 1546 1564 2 18 15
1777 1795 1540 1559 2 19 18
976 988 1546 1564 2 18 12
640 655 1729 1744 2 15 15
16 28 1903 1925 2 22 12
1168 1186 1906 1932 2 26 18
1378 1393 1906 1931 2 25 15
1441 1459 1906 1931 2 25 18
1585 1600 1906 1931 2 25 15
1603 1615 1906 1931 2 25 12
1189 1219 1906 1931 2 25 30
1462 1477 1906 1931 2 25 15
1531 1564 1897 1931 2 34 33
1138 1168 1891 1932 2 41 30
1489 1528 1888 1931 2 43 39
1276 1336 1891 1932 2 41 60
1336 1375 1906 1931 2 25 39
1405 1438 1888 1931 2 43 33
1564 1582 1906 1931 2 25 18
1222 1261 1906 1932 2 26 39
1432 1456 1945 1987 2 42 24
1522 1534 1954 1987 2 33 12
1165 1186 1945 1987 2 42 21
1501 1519 1963 1987 2 24 18
1399 1420 1963 1987 2 24 21
1186 1222 1963 1988 2 25 36
1237 1282 1945 1987 2 42 45
1285 1336 1945 1987 2 42 51
1339 1372 1963 1988 2 25 33
1459 1498 1945 1987 2 42 39
1546 1591 1945 1987 2 42 45
1594 1627 1960 1987 2 27 33
1189 1213 2002 2043 2 41 24
1330 1342 2002 2043 2 41 12
1402 1414 2008 2043 2 35 12
1216 1234 2017 2043 2 26 18
1294 1309 2017 2043 2 26 15
625 643 2011 2032 2 21 18
1480 1519 2002 2042 2 40 39
1630 1666 2017 2042 2 25 36
1345 1402 2017 2044 2 27 57
1417 1456 2017 2043 2 26 39
1522 1573 2017 2043 2 26 51
1576 1594 2017 2043 2 26 18
1594 1627 2008 2043 2 35 33
1237 1291 2002 2044 2 42 54
691 706 2083 2126 2 43 15
712 727 2086 2126 2 40 15
652 688 2083 2126 2 43 36
748 766 2086 2127 2 41 18
625 649 2083 2126 2 43 24
730 745 2086 2127 2 41 15
769 784 2086 2127 2 41 15
787 802 2086 2127 2 41 15
805 820 2086 2127 2 41 15
787 805 2164 2188 2 24 18
661 673 2170 2188 2 18 12
754 766 2164 2188 2 24 12
706 730 2164 2188 2 24 24
595 607 2164 2188 2 24 12
610 628 2164 2188 2 24 18
826 847 2167 2189 2 22 21
799 817 2251 2266 2 15 18
649 667 2272 2288 2 16 18
925 943 2440 2482 2 42 18
955 970 2440 2482 2 42 15
1015 1030 2440 2482 2 42 15
907 922 2440 2482 2 42 15
1069 1084 2440 2482 2 42 15
985 1012 2440 2481 2 41 27
1033 1048 2440 2482 2 42 15
1048 1066 2440 2482 2 42 18
508 526 2494 2536 2 42 18
409 427 2494 2536 2 42 18
487 505 2494 2536 2 42 18
364 376 2494 2537 2 43 12
445 457 2494 2536 2 42 12
388 406 2494 2536 2 42 18
1054 1069 2518 2533 2 15 15
469 484 2494 2536 2 42 15
526 544 2494 2536 2 42 18
1030 1054 2563 2578 2 15 24
328 340 2572 2587 2 15 12
505 517 2572 2587 2 15 12
388 403 2593 2609 2 16 15
1465 1495 2593 2635 2 42 30
451 478 2593 2609 2 16 27
1564 1576 2602 2635 2 33 12
406 418 2593 2612 2 19 12
1354 1372 2611 2636 2 25 18
1138 1159 2593 2635 2 42 21
1375 1390 2611 2635 2 24 15
1162 1264 2608 2636 2 28 102
1291 1330 2593 2636 2 43 39
1333 1351 2593 2636 2 43 18
1414 1441 2593 2635 2 42 27
1495 1561 2611 2635 2 24 66
1579 1618 2593 2635 2 42 39
1396 1423 2650 2691 2 41 27
1426 1438 2650 2691 2 41 12
2014 2026 2653 2669 2 16 12
2062 2074 2653 2669 2 16 12
1354 1372 2668 2701 2 33 18
205 217 2677 2701 2 24 12
145 157 2686 2703 2 17 12
175 190 2680 2702 2 22 15
127 142 2686 2701 2 15 15
1189 1222 2650 2691 2 41 33
1246 1300 2650 2692 2 42 54
1459 1558 2650 2691 2 41 99
1582 1609 2650 2691 2 41 27
1609 1636 2665 2691 2 26 27
1636 1663 2650 2691 2 41 27
1300 1351 2665 2701 2 36 51
1981 1996 2713 2731 2 18 15
2020 2032 2713 2731 2 18 12
2044 2056 2713 2731 2 18 12
1999 2014 2713 2731 2 18 15
2059 2071 2713 2730 2 17 12
2119 2131 2713 2731 2 18 12
2152 2164 2713 2731 2 18 12
2074 2089 2713 2737 2 24 15
214 232 2782 2797 2 15 18
1816 1831 2824 2851 2 27 15
1855 1879 2824 2851 2 27 24
1738 1750 2836 2851 2 15 12
1795 1807 2836 2851 2 15 12
1834 1846 2836 2851 2 15 12
1675 1711 2824 2851 2 27 36
1714 1735 2836 2851 2 15 21
1882 1903 2836 2851 2 15 21
1765 1777 2836 2857 2 21 12
1696 1714 2863 2888 2 25 18
1768 1783 2863 2888 2 25 15
1846 1864 2863 2888 2 25 18
1864 1876 2872 2888 2 16 12
1726 1759 2872 2889 2 17 33
1888 1924 2872 2888 2 16 36
1798 1837 2863 2888 2 25 39
673 685 2938 2953 2 15 12
640 664 2938 2953 2 15 24
781 796 2941 2956 2 15 15
16 28 3094 3109 2 15 12
