7 265 46 58 7 12 258
7 13 58 142 6 84 6
7 265 136 145 7 9 258
256 265 55 139 6 84 9
1870 2152 46 55 7 9 282
1870 1876 55 148 6 93 6
1870 2152 139 149 7 10 282
2146 2152 55 145 6 90 6
274 535 382 394 7 12 261
274 286 382 460 6 78 12
274 532 454 464 7 10 258
523 535 391 463 6 72 12
817 1075 385 394 7 9 258
820 829 382 463 6 81 9
817 1075 454 465 7 11 258
1063 1075 385 452 6 67 12
256 259 2908 2911 7 3 3
22 28 3028 3031 6 3 6
28 265 3025 3035 7 10 237
256 262 2911 3034 6 123 6
1882 1894 364 532 6 168 12
538 541 379 883 6 504 3
265 268 508 559 6 51 3
1081 1084 541 751 6 210 3
265 268 562 684 6 122 3
1891 1894 613 664 6 51 3
1081 1084 814 913 6 99 3
1081 1084 931 1017 6 86 3
1081 1084 1021 1088 6 67 3
262 265 1120 1174 6 54 3
808 811 1132 1195 6 63 3
1621 1624 1162 1195 6 33 3
952 958 1174 1215 6 41 6
535 538 1342 1392 6 50 3
535 538 1612 1709 6 97 3
808 811 1957 1991 6 34 3
808 811 2005 2044 6 39 3
808 811 2086 2117 6 31 3
538 541 2197 2248 6 51 3
1078 1081 2377 2432 6 55 3
895 901 2389 2432 6 43 6
331 337 2443 2486 6 43 6
412 418 2443 2486 6 43 6
10 13 2635 2797 6 162 3
1900 1903 2644 2708 6 64 3
1897 1903 2710 2770 6 60 6
1888 1891 2746 2803 6 57 3
268 271 2752 2822 6 70 3
10 16 2929 2983 6 54 6
1900 1903 2950 2975 6 25 3
1900 1903 2977 3008 6 31 3
70 607 154 163 7 9 537
610 1114 157 164 7 7 504
1117 1252 157 163 7 6 135
1255 1309 157 163 7 6 54
1312 1657 154 165 7 11 345
1660 1702 157 163 7 6 42
1711 2149 151 163 7 12 438
58 517 205 211 7 6 459
520 583 208 214 7 6 63
589 670 208 214 7 6 81
736 778 208 214 7 6 42
781 832 208 214 7 6 51
835 1069 208 214 7 6 234
1093 1213 208 214 7 6 120
1225 1291 208 214 7 6 66
1327 1516 208 214 7 6 189
208 244 214 217 7 3 36
289 367 214 217 7 3 78
73 205 214 219 7 5 132
370 775 214 220 7 6 405
778 844 217 219 7 2 66
928 973 217 220 7 3 45
997 1048 217 220 7 3 51
1201 1312 217 219 7 2 111
1315 1468 217 219 7 2 153
1480 1510 217 219 7 2 30
1546 1582 217 220 7 3 36
1687 1729 217 220 7 3 42
1969 2077 364 371 7 7 108
31 259 364 375 7 11 228
262 958 364 374 7 10 696
961 1243 367 374 7 7 282
1246 1567 367 374 7 7 321
1585 1660 367 373 7 6 75
1663 1876 364 374 7 10 213
622 730 454 460 7 6 108
1969 2077 451 457 7 6 108
82 187 454 461 7 7 105
1972 2080 532 538 7 6 108
76 184 535 543 7 8 108
622 730 538 543 7 5 108
1357 1882 574 585 7 11 525
1150 1315 577 584 7 7 165
1972 2080 640 646 7 6 108
76 184 643 650 7 7 108
622 730 646 650 7 4 108
646 700 751 756 7 5 54
2005 2056 751 756 7 5 51
103 160 757 761 7 4 57
349 454 1195 1200 7 5 105
1705 1813 1228 1233 7 5 108
892 1000 1234 1237 7 3 108
346 454 1273 1279 7 6 108
1708 1816 1309 1316 7 7 108
892 946 1315 1319 7 4 54
949 997 1315 1319 7 4 48
346 454 1381 1386 7 5 108
1708 1816 1417 1423 7 6 108
892 1000 1423 1427 7 4 108
373 427 1489 1494 7 5 54
1735 1789 1525 1530 7 5 54
919 973 1534 1538 7 4 54
694 745 2011 2014 7 3 51
622 727 2092 2099 7 7 105
622 649 2161 2165 7 4 27
664 727 2161 2165 7 4 63
649 703 2260 2265 7 5 54
391 439 2422 2428 7 6 48
445 490 2422 2428 7 6 45
346 388 2422 2428 7 6 42
349 394 2431 2432 7 1 45
895 1000 2449 2454 7 5 105
349 460 2503 2508 7 5 111
1120 1219 2521 2532 7 11 99
220 256 2545 2549 7 4 36
1957 2017 2548 2552 7 4 60
922 973 2551 2555 7 4 51
1963 1993 2554 2555 7 1 30
2071 2155 2554 2560 7 6 84
199 238 2581 2586 7 5 39
58 118 2581 2587 7 6 60
85 118 2590 2591 7 1 33
379 433 2605 2608 7 3 54
7 241 2602 2614 7 12 234
139 172 2662 2665 7 3 33
2068 2107 3028 3034 7 6 39
