160 193 61 96 2 35 33
40 67 64 99 2 35 27
79 97 64 97 2 33 18
2095 2140 58 74 2 16 45
112 148 61 97 2 36 36
1882 1930 61 83 2 22 48
1930 2044 58 82 2 24 114
205 235 61 96 2 35 30
1330 1402 58 131 2 73 72
154 169 103 132 2 29 15
178 199 103 132 2 29 21
694 763 58 133 2 75 69
2071 2113 91 107 2 16 42
67 91 106 132 2 26 24
97 112 106 132 2 26 15
121 145 106 132 2 26 24
37 58 109 134 2 25 21
208 238 103 131 2 28 30
295 361 55 129 2 74 66
367 451 58 131 2 73 84
457 523 58 132 2 74 66
1171 1210 58 132 2 74 39
1249 1318 58 131 2 73 69
1471 1540 58 132 2 74 69
580 637 58 133 2 75 57
649 685 61 133 2 72 36
769 826 58 134 2 76 57
835 871 58 133 2 75 36
877 946 58 133 2 75 69
955 1027 58 132 2 74 72
1024 1108 58 132 2 74 84
1102 1165 58 132 2 74 63
1405 1471 58 137 2 79 66
1546 1585 58 132 2 74 39
1597 1672 58 133 2 75 75
1678 1747 58 132 2 74 69
1759 1837 58 132 2 74 78
1918 1984 112 135 2 23 66
7 265 46 145 2 99 258
31 40 172 191 2 19 9
136 175 172 190 2 18 39
259 271 172 190 2 18 12
910 925 172 192 2 20 15
928 946 172 192 2 20 18
1009 1027 172 193 2 21 18
1150 1162 172 193 2 21 12
808 826 175 193 2 18 18
829 844 175 193 2 18 15
850 868 175 193 2 18 18
871 889 175 193 2 18 18
949 967 175 192 2 17 18
1030 1045 175 193 2 18 15
1072 1081 175 192 2 17 9
1108 1129 175 195 2 20 21
1288 1300 175 193 2 18 12
1303 1318 175 193 2 18 15
1321 1336 175 193 2 18 15
1339 1354 175 193 2 18 15
1645 1660 175 193 2 18 15
1660 1678 175 193 2 18 18
196 238 169 190 2 21 42
484 526 172 195 2 23 42
892 904 175 193 2 18 12
1051 1066 175 193 2 18 15
1681 1729 175 193 2 18 48
364 382 172 191 2 19 18
988 1006 172 193 2 21 18
1087 1102 172 192 2 20 15
1207 1222 175 193 2 18 15
1759 1819 172 193 2 21 60
1915 1945 172 194 2 22 30
2056 2149 169 193 2 24 93
46 70 172 191 2 19 24
274 358 172 190 2 18 84
1852 1912 172 195 2 23 60
1987 2050 172 194 2 22 63
103 133 172 191 2 19 30
526 562 175 196 2 21 36
637 676 175 195 2 20 39
1165 1183 172 193 2 21 18
1186 1204 172 192 2 20 18
1246 1264 175 195 2 20 18
1741 1756 175 193 2 18 15
556 631 175 196 2 21 75
202 217 235 339 2 104 15
226 268 235 339 2 104 42
1969 2011 235 339 2 104 42
2020 2059 235 340 2 105 39
2062 2110 235 339 2 104 48
2110 2152 235 339 2 104 42
7 49 238 343 2 105 42
361 376 238 340 2 102 15
748 793 238 342 2 104 45
838 880 238 342 2 104 42
886 901 238 342 2 104 15
1051 1099 238 342 2 104 48
1186 1210 238 341 2 103 24
1264 1303 238 342 2 104 39
1633 1651 238 341 2 103 18
385 430 238 341 2 103 45
436 478 238 341 2 103 42
610 652 238 343 2 105 42
661 703 238 342 2 104 42
910 952 238 343 2 105 42
1213 1258 238 342 2 104 45
1306 1351 238 342 2 104 45
1717 1765 238 342 2 104 48
1912 1957 235 339 2 104 45
568 604 238 341 2 103 36
1660 1705 238 342 2 104 45
958 1003 238 342 2 104 45
1357 1402 238 342 2 104 45
55 97 238 343 2 105 42
106 148 238 343 2 105 42
157 193 235 341 2 106 36
313 355 235 342 2 107 42
487 529 238 343 2 105 42
796 838 238 343 2 105 42
1099 1138 238 344 2 106 39
1414 1447 238 342 2 104 33
1456 1498 238 343 2 105 42
1504 1540 238 342 2 104 36
1588 1627 238 343 2 105 39
1813 1855 238 343 2 105 42
1861 1903 235 341 2 106 42
25 46 385 437 2 52 21
49 67 385 437 2 52 18
739 760 385 437 2 52 21
1951 1972 382 433 2 51 21
70 112 385 437 2 52 42
1972 2014 382 433 2 51 42
1516 1525 406 449 2 43 9
292 307 409 431 2 22 15
328 334 409 432 2 23 6
406 418 409 432 2 23 12
475 484 409 433 2 24 9
859 865 409 433 2 24 6
904 910 409 433 2 24 6
949 964 409 433 2 24 15
997 1009 409 434 2 25 12
466 472 412 433 2 21 6
1906 1948 382 433 2 51 42
232 241 415 433 2 18 9
319 328 415 431 2 16 9
379 391 415 432 2 17 12
421 430 415 432 2 17 9
502 511 415 433 2 18 9
439 451 409 432 2 23 12
1381 1396 424 450 2 26 15
172 232 382 434 2 52 60
1528 1549 424 449 2 25 21
2017 2053 382 433 2 51 36
2068 2143 382 433 2 51 75
115 157 382 436 2 54 42
343 379 409 432 2 23 36
589 655 385 437 2 52 66
658 709 385 437 2 52 51
712 739 385 436 2 51 27
1624 1648 406 450 2 44 24
1111 1144 409 450 2 41 33
1144 1201 406 450 2 44 57
1213 1279 406 450 2 44 66
1282 1378 406 450 2 44 96
1408 1504 406 450 2 44 96
1561 1624 406 450 2 44 63
1369 1378 463 481 2 18 9
1594 1621 463 505 2 42 27
1711 1735 463 505 2 42 24
1765 1786 463 505 2 42 21
1897 1918 478 508 2 30 21
100 106 481 511 2 30 6
1381 1396 481 506 2 25 15
2026 2038 478 508 2 30 12
2104 2113 481 508 2 27 9
730 757 481 512 2 31 27
1408 1432 463 505 2 42 24
1738 1765 478 505 2 27 27
184 199 487 509 2 22 15
1921 1927 487 508 2 21 6
109 121 490 512 2 22 12
202 217 487 516 2 29 15
640 652 490 512 2 22 12
700 712 490 512 2 22 12
760 775 490 512 2 22 15
2041 2056 487 508 2 21 15
685 697 490 511 2 21 12
778 796 490 519 2 29 18
1987 2020 478 508 2 30 33
547 583 481 512 2 31 36
1807 1816 496 513 2 17 9
1786 1804 478 505 2 27 18
1930 1957 487 509 2 22 27
2062 2101 478 508 2 30 39
1150 1195 463 506 2 43 45
1207 1282 463 506 2 43 75
1285 1369 463 506 2 43 84
1435 1486 478 505 2 27 51
1489 1504 481 506 2 25 15
1507 1585 463 506 2 43 78
1621 1663 463 505 2 42 42
1666 1699 478 505 2 27 33
1957 1984 478 508 2 30 27
145 181 481 510 2 29 36
220 253 487 510 2 23 33
598 637 481 512 2 31 39
2116 2152 478 508 2 30 36
655 682 484 512 2 28 27
4 28 481 513 2 32 24
52 97 481 512 2 31 45
1282 1294 520 561 2 41 12
1411 1435 520 561 2 41 24
1822 1837 520 559 2 39 15
1843 1864 520 559 2 39 21
280 292 511 534 2 23 12
1435 1456 535 562 2 27 21
1537 1561 517 561 2 44 24
1690 1708 535 570 2 35 18
1207 1234 520 561 2 41 27
1561 1597 535 561 2 26 36
1294 1345 535 571 2 36 51
1738 1759 517 561 2 44 21
1234 1282 535 561 2 26 48
1606 1687 517 561 2 44 81
1711 1726 535 561 2 26 15
2026 2035 556 581 2 25 9
2047 2053 556 581 2 25 6
223 238 559 583 2 24 15
1345 1363 535 562 2 27 18
1366 1402 520 562 2 42 36
1465 1486 520 562 2 42 21
1489 1528 517 561 2 44 39
1900 1909 559 580 2 21 9
1909 1918 559 580 2 21 9
1924 1936 559 582 2 23 12
1975 1984 559 581 2 22 9
7 19 562 587 2 25 12
100 112 562 585 2 23 12
124 130 562 585 2 23 6
199 205 562 582 2 20 6
547 562 562 586 2 24 15
661 667 562 586 2 24 6
703 709 562 585 2 23 6
712 718 562 584 2 22 6
748 754 562 585 2 23 6
1759 1810 517 570 2 53 51
1951 1960 565 581 2 16 9
2056 2065 565 581 2 16 9
88 100 568 585 2 17 12
241 250 568 584 2 16 9
586 598 568 591 2 23 12
727 736 568 585 2 17 9
781 790 568 585 2 17 9
1993 2005 559 581 2 22 12
2014 2023 565 581 2 16 9
2080 2095 559 581 2 22 15
2110 2128 565 581 2 16 18
601 622 568 586 2 18 21
625 634 568 585 2 17 9
2131 2152 556 581 2 25 21
133 142 568 584 2 16 9
565 583 568 586 2 18 18
361 403 574 598 2 24 42
2098 2107 565 581 2 16 9
367 409 589 618 2 29 42
2023 2029 595 618 2 23 6
172 184 598 620 2 22 12
556 565 598 623 2 25 9
655 667 598 623 2 25 12
1924 1939 595 619 2 24 15
1960 1972 595 619 2 24 12
22 37 601 624 2 23 15
76 85 601 623 2 22 9
1981 1993 601 619 2 18 12
1996 2005 601 618 2 17 9
2032 2041 601 618 2 17 9
2065 2074 601 618 2 17 9
2077 2089 601 625 2 24 12
2092 2101 601 617 2 16 9
187 196 604 621 2 17 9
199 211 604 621 2 17 12
214 223 604 621 2 17 9
2104 2119 595 618 2 23 15
124 133 604 621 2 17 9
670 679 607 623 2 16 9
712 727 598 622 2 24 15
730 742 607 623 2 16 12
775 784 607 623 2 16 9
2050 2062 595 618 2 23 12
601 619 598 622 2 24 18
682 694 607 623 2 16 12
1930 1936 661 681 2 20 6
2074 2089 661 680 2 19 15
217 232 664 684 2 20 15
235 241 664 684 2 20 6
640 646 664 682 2 18 6
733 742 664 682 2 18 9
1972 2002 661 680 2 19 30
55 61 667 686 2 19 6
64 70 667 685 2 18 6
760 775 664 681 2 17 15
2035 2047 664 685 2 21 12
2092 2110 661 680 2 19 18
4 31 667 687 2 20 27
712 730 664 682 2 18 18
1939 1954 664 680 2 16 15
73 85 667 685 2 18 12
1900 1921 664 682 2 18 21
2014 2026 661 680 2 19 12
547 571 661 685 2 24 24
664 688 664 682 2 18 24
787 805 664 681 2 17 18
2128 2146 661 680 2 19 18
109 127 667 685 2 18 18
142 151 667 684 2 17 9
175 190 667 684 2 17 15
583 592 688 708 2 20 9
1999 2011 688 706 2 18 12
2077 2086 688 706 2 18 9
199 205 691 710 2 19 6
25 37 694 712 2 18 12
2047 2074 688 707 2 19 27
754 775 688 707 2 19 21
1921 1942 688 707 2 19 21
634 655 691 708 2 17 21
2107 2134 688 706 2 18 27
604 625 691 708 2 17 21
697 745 691 708 2 17 48
91 109 694 714 2 20 18
154 163 691 710 2 19 9
208 238 691 710 2 19 30
583 595 715 734 2 19 12
727 736 715 734 2 19 9
1933 1945 715 733 2 18 12
1963 1972 715 733 2 18 9
139 154 718 737 2 19 15
169 178 718 735 2 17 9
2044 2074 715 732 2 17 30
112 133 718 737 2 19 21
679 688 715 734 2 19 9
1975 2002 715 733 2 18 27
715 724 715 734 2 19 9
40 82 721 739 2 18 42
436 457 790 826 2 36 21
454 490 877 898 2 21 36
472 481 931 947 2 16 9
430 454 931 947 2 16 24
850 868 949 965 2 16 18
1003 1012 949 965 2 16 9
283 301 949 965 2 16 18
826 844 949 965 2 16 18
874 907 949 965 2 16 33
856 862 970 1002 2 32 6
832 856 1006 1024 2 18 24
382 394 1051 1079 2 28 12
280 310 1063 1097 2 34 30
370 382 1063 1079 2 16 12
424 433 1063 1079 2 16 9
1054 1063 1063 1079 2 16 9
403 418 1063 1079 2 16 15
478 493 1063 1079 2 16 15
877 889 1084 1100 2 16 12
1051 1063 1102 1119 2 17 12
904 916 1120 1136 2 16 12
346 361 1135 1178 2 43 15
421 436 1138 1178 2 40 15
439 463 1135 1178 2 43 24
397 415 1135 1178 2 43 18
298 343 1135 1178 2 43 45
1678 1693 1168 1211 2 43 15
1714 1732 1168 1211 2 43 18
1756 1771 1168 1210 2 42 15
1828 1843 1168 1210 2 42 15
1846 1864 1168 1209 2 41 18
484 502 1135 1179 2 44 18
1219 1243 1171 1213 2 42 24
1516 1540 1171 1212 2 41 24
364 379 1135 1178 2 43 15
466 481 1138 1179 2 41 15
877 895 1174 1215 2 41 18
1735 1753 1168 1210 2 42 18
1246 1264 1189 1213 2 24 18
1318 1333 1189 1213 2 24 15
1348 1375 1171 1212 2 41 27
1408 1429 1171 1213 2 42 21
898 922 1174 1215 2 41 24
925 949 1174 1215 2 41 24
1429 1480 1186 1213 2 27 51
1483 1501 1186 1222 2 36 18
1129 1171 1189 1213 2 24 42
1657 1675 1168 1212 2 44 18
1696 1711 1168 1211 2 43 15
1789 1825 1168 1210 2 42 36
859 874 1174 1215 2 41 15
961 1012 1174 1215 2 41 51
1015 1030 1174 1215 2 41 15
1090 1129 1171 1214 2 43 39
1171 1204 1177 1213 2 36 33
1267 1315 1189 1213 2 24 48
1543 1573 1171 1212 2 41 30
1378 1408 1186 1222 2 36 30
496 505 1219 1248 2 29 9
307 319 1225 1248 2 23 12
298 304 1228 1247 2 19 6
478 493 1228 1248 2 20 15
505 523 1228 1249 2 21 18
1228 1237 1228 1245 2 17 9
1240 1249 1228 1245 2 17 9
1390 1399 1228 1244 2 16 9
352 367 1219 1248 2 29 15
427 457 1219 1248 2 29 30
277 295 1219 1247 2 28 18
322 349 1222 1248 2 26 27
382 412 1219 1248 2 29 30
457 475 1228 1248 2 20 18
1270 1303 1234 1269 2 35 33
1630 1648 1255 1286 2 31 18
1720 1744 1255 1284 2 29 24
817 838 1258 1288 2 30 21
1537 1573 1243 1269 2 26 36
1576 1591 1243 1268 2 25 15
1666 1672 1264 1285 2 21 6
1675 1681 1264 1285 2 21 6
1684 1696 1264 1285 2 21 12
1747 1759 1261 1284 2 23 12
1792 1807 1261 1284 2 23 15
919 934 1267 1288 2 21 15
985 991 1267 1288 2 21 6
1114 1186 1228 1269 2 41 72
1249 1270 1228 1269 2 41 21
1306 1390 1243 1278 2 35 84
1450 1534 1228 1269 2 41 84
1648 1666 1264 1292 2 28 18
937 952 1267 1288 2 21 15
994 1012 1267 1295 2 28 18
1063 1075 1267 1289 2 22 12
898 919 1258 1288 2 30 21
964 985 1261 1288 2 27 21
1030 1060 1267 1289 2 22 30
1762 1789 1261 1284 2 23 27
1132 1156 1282 1324 2 42 24
1183 1213 1282 1325 2 43 30
1699 1711 1264 1285 2 21 12
1819 1882 1255 1285 2 30 63
841 886 1258 1289 2 31 45
1447 1462 1285 1324 2 39 15
1480 1498 1285 1324 2 39 18
1501 1519 1285 1324 2 39 18
1522 1543 1285 1324 2 39 21
1015 1027 1267 1289 2 22 12
274 286 1297 1321 2 24 12
346 358 1300 1321 2 21 12
1156 1177 1300 1325 2 25 21
1555 1618 1285 1324 2 39 63
490 502 1300 1322 2 22 12
1216 1234 1300 1335 2 35 18
334 343 1306 1322 2 16 9
382 394 1306 1327 2 21 12
520 529 1306 1322 2 16 9
289 298 1306 1322 2 16 9
1237 1363 1300 1335 2 35 126
1402 1423 1282 1330 2 48 21
1471 1477 1315 1333 2 18 6
1543 1552 1315 1332 2 17 9
505 514 1306 1322 2 16 9
1363 1396 1291 1325 2 34 33
1426 1444 1285 1325 2 40 18
1870 1876 1333 1357 2 24 6
313 319 1336 1358 2 22 6
340 346 1336 1358 2 22 6
1633 1639 1336 1359 2 23 6
1843 1849 1336 1357 2 21 6
817 823 1339 1362 2 23 6
859 865 1339 1362 2 23 6
874 880 1339 1362 2 23 6
949 955 1339 1362 2 23 6
970 976 1339 1362 2 23 6
1042 1048 1339 1362 2 23 6
361 370 1342 1359 2 17 9
436 445 1342 1359 2 17 9
475 487 1342 1359 2 17 12
907 922 1339 1362 2 23 15
1033 1039 1342 1363 2 21 6
1783 1792 1342 1358 2 16 9
388 397 1342 1359 2 17 9
832 844 1345 1362 2 17 12
883 892 1345 1362 2 17 9
895 901 1345 1368 2 23 6
925 934 1345 1362 2 17 9
1021 1030 1345 1362 2 17 9
1657 1669 1342 1359 2 17 12
1690 1699 1342 1359 2 17 9
1717 1726 1342 1359 2 17 9
1768 1780 1336 1357 2 21 12
985 1006 1345 1369 2 24 21
1729 1735 1372 1395 2 23 6
1798 1804 1372 1394 2 22 6
838 844 1375 1398 2 23 6
877 889 1375 1398 2 23 12
1768 1774 1375 1395 2 20 6
1678 1687 1378 1396 2 18 9
1819 1828 1378 1395 2 17 9
916 922 1381 1399 2 18 6
1660 1672 1372 1396 2 24 12
1738 1750 1378 1395 2 17 12
1786 1795 1372 1395 2 23 9
952 976 1375 1399 2 24 24
994 1009 1378 1399 2 21 15
1831 1855 1378 1401 2 23 24
331 343 1399 1417 2 18 12
511 523 1399 1418 2 19 12
526 532 1399 1418 2 19 6
271 292 1399 1417 2 18 21
472 490 1399 1418 2 19 18
421 460 1399 1418 2 19 39
280 292 1426 1444 2 18 12
373 382 1426 1444 2 18 9
385 394 1426 1444 2 18 9
334 343 1429 1448 2 19 9
352 370 1426 1444 2 18 18
442 463 1426 1444 2 18 21
397 433 1426 1444 2 18 36
487 517 1426 1448 2 22 30
1744 1756 1435 1454 2 19 12
1633 1645 1438 1456 2 18 12
1855 1867 1435 1454 2 19 12
868 883 1444 1461 2 17 15
1015 1027 1450 1466 2 16 12
1780 1810 1435 1454 2 19 30
460 475 1453 1470 2 17 15
901 913 1444 1461 2 17 12
976 994 1447 1465 2 18 18
1045 1066 1444 1461 2 17 21
844 853 1447 1465 2 18 9
1720 1729 1462 1481 2 19 9
298 337 1450 1470 2 20 39
385 397 1453 1470 2 17 12
394 421 1453 1470 2 17 27
1864 1873 1462 1480 2 18 9
898 910 1471 1488 2 17 12
1825 1843 1462 1481 2 19 18
985 1003 1471 1488 2 17 18
1648 1669 1465 1482 2 17 21
1777 1798 1462 1481 2 19 21
1672 1690 1468 1486 2 18 18
1039 1057 1471 1488 2 17 18
832 847 1471 1488 2 17 15
931 964 1471 1488 2 17 33
967 976 1474 1492 2 18 9
1681 1693 1489 1508 2 19 12
1726 1741 1489 1509 2 20 15
865 877 1495 1514 2 19 12
985 997 1495 1514 2 19 12
955 964 1498 1514 2 16 9
1774 1783 1489 1507 2 18 9
1822 1837 1492 1510 2 18 15
925 937 1495 1514 2 19 12
1438 1468 1840 1881 2 41 30
1471 1480 1855 1880 2 25 9
1534 1549 1855 1881 2 26 15
1327 1342 1858 1881 2 23 15
1480 1513 1846 1881 2 35 33
1087 1117 1840 1882 2 42 30
1192 1213 1855 1881 2 26 21
1225 1285 1840 1882 2 42 60
1285 1306 1855 1881 2 26 21
1309 1324 1855 1881 2 26 15
1516 1531 1855 1881 2 26 15
1117 1189 1855 1882 2 27 72
1357 1375 1840 1881 2 41 18
1378 1426 1846 1881 2 35 48
1552 1567 1855 1881 2 26 15
1186 1213 1897 1937 2 40 27
1234 1246 1897 1937 2 40 12
1471 1483 1903 1937 2 34 12
1138 1156 1912 1938 2 26 18
1114 1135 1897 1937 2 40 21
1267 1285 1912 1937 2 25 18
1522 1540 1912 1936 2 24 18
1159 1174 1912 1937 2 25 15
1381 1426 1897 1937 2 40 45
1216 1231 1912 1937 2 25 15
1246 1264 1912 1937 2 25 18
1288 1321 1912 1938 2 26 33
1336 1369 1897 1937 2 40 33
1429 1471 1894 1937 2 43 42
1495 1519 1894 1937 2 43 24
1543 1576 1912 1937 2 25 33
1186 1198 1960 1993 2 33 12
559 595 1960 1982 2 22 36
1225 1243 1969 1993 2 24 18
1243 1258 1969 1993 2 24 15
1492 1504 1969 1993 2 24 12
1387 1405 1969 1993 2 24 18
1429 1489 1951 1993 2 42 60
1567 1615 1957 1992 2 35 48
1138 1186 1951 1993 2 42 48
1201 1222 1951 1994 2 43 21
1282 1309 1951 1994 2 43 27
1312 1384 1957 1993 2 36 72
1507 1564 1966 1993 2 27 57
601 619 2035 2076 2 41 18
661 676 2035 2076 2 41 15
736 751 2035 2077 2 42 15
754 772 2035 2077 2 42 18
622 658 2035 2076 2 41 36
700 715 2035 2077 2 42 15
577 598 2035 2076 2 41 21
679 697 2035 2077 2 42 18
718 733 2035 2077 2 42 15
589 595 2113 2138 2 25 6
736 757 2113 2138 2 25 21
625 634 2119 2138 2 19 9
775 784 2119 2139 2 20 9
787 805 2122 2139 2 17 18
544 571 2113 2138 2 25 27
598 610 2122 2138 2 16 12
655 682 2113 2137 2 24 27
574 586 2113 2138 2 25 12
613 622 2119 2138 2 19 9
694 715 2113 2138 2 25 21
757 772 2122 2139 2 17 15
727 739 2179 2197 2 18 12
757 769 2179 2197 2 18 12
904 919 2389 2432 2 43 15
964 979 2389 2432 2 43 15
982 997 2389 2432 2 43 15
856 871 2389 2432 2 43 15
874 892 2392 2432 2 40 18
1018 1036 2389 2432 2 43 18
937 961 2389 2431 2 42 24
1000 1015 2389 2432 2 43 15
340 358 2443 2486 2 43 18
358 376 2443 2486 2 43 18
421 436 2443 2486 2 43 15
457 475 2443 2486 2 43 18
478 496 2443 2486 2 43 18
313 328 2446 2487 2 41 15
1900 1915 2425 2448 2 23 15
394 409 2446 2486 2 40 15
439 454 2446 2486 2 40 15
1018 1027 2467 2483 2 16 9
910 919 2512 2528 2 16 9
277 286 2521 2537 2 16 9
430 460 2521 2540 2 19 30
364 373 2545 2562 2 17 9
1414 1444 2545 2585 2 40 30
1363 1375 2545 2585 2 40 12
1513 1525 2551 2585 2 34 12
415 436 2542 2559 2 17 21
1090 1111 2542 2584 2 42 21
1111 1129 2560 2585 2 25 18
1282 1291 2560 2586 2 26 9
1498 1513 2560 2585 2 25 15
1132 1180 2560 2585 2 25 48
1447 1477 2560 2585 2 25 30
1528 1567 2542 2585 2 43 39
1900 1930 2569 2642 2 73 30
1180 1216 2560 2586 2 26 36
1240 1279 2545 2586 2 41 39
1294 1339 2545 2586 2 41 45
1378 1393 2560 2586 2 26 15
1480 1495 2560 2585 2 25 15
1138 1150 2599 2641 2 42 12
1345 1372 2599 2641 2 42 27
1375 1387 2599 2641 2 42 12
1963 1987 2602 2619 2 17 24
2020 2047 2602 2619 2 17 27
1249 1279 2617 2651 2 34 30
1153 1174 2617 2641 2 24 21
1282 1300 2617 2641 2 24 18
1303 1321 2617 2651 2 34 18
1408 1471 2599 2641 2 42 63
40 49 2629 2651 2 22 9
118 130 2629 2651 2 22 12
133 139 2629 2652 2 23 6
148 160 2629 2651 2 22 12
1219 1249 2599 2642 2 43 30
64 76 2635 2652 2 17 12
202 211 2635 2651 2 16 9
1588 1612 2599 2641 2 42 24
55 64 2635 2651 2 16 9
76 94 2635 2651 2 16 18
1198 1216 2599 2642 2 43 18
1474 1507 2617 2641 2 24 33
1534 1558 2599 2641 2 42 24
1561 1585 2617 2641 2 24 24
184 196 2635 2651 2 16 12
1933 1942 2662 2681 2 19 9
1993 2002 2662 2681 2 19 9
2008 2020 2662 2681 2 19 12
2041 2050 2662 2681 2 19 9
2086 2095 2662 2681 2 19 9
2101 2113 2662 2681 2 19 12
2071 2083 2662 2681 2 19 12
1951 1966 2662 2681 2 19 15
2023 2038 2665 2687 2 22 15
1735 1747 2776 2801 2 25 12
1765 1783 2776 2801 2 25 18
1624 1651 2776 2801 2 25 27
1651 1660 2785 2801 2 16 9
1747 1756 2785 2801 2 16 9
1783 1795 2785 2801 2 16 12
1843 1852 2785 2801 2 16 9
1663 1672 2785 2801 2 16 9
1675 1699 2785 2801 2 16 24
1702 1726 2785 2807 2 22 24
1804 1840 2776 2801 2 25 36
1645 1663 2812 2838 2 26 18
1717 1735 2812 2838 2 26 18
1876 1885 2812 2838 2 26 9
1861 1873 2821 2838 2 17 12
1795 1813 2812 2838 2 26 18
1840 1858 2821 2838 2 17 18
1735 1753 2812 2838 2 26 18
1813 1837 2821 2838 2 17 24
1756 1789 2821 2838 2 17 33
1663 1708 2821 2839 2 18 45
730 751 2890 2906 2 16 21
