58 313 97 107 7 10 255
58 67 100 193 6 93 9
58 313 184 195 7 11 255
310 313 103 190 6 87 3
1921 2203 97 106 7 9 282
1921 1924 106 196 6 90 3
1921 2200 190 199 7 9 279
2197 2203 103 196 6 93 6
868 1126 436 445 7 9 258
868 880 433 511 6 78 12
868 1126 505 515 7 10 258
1114 1126 433 514 6 81 12
1138 1933 436 445 7 9 795
1138 1150 433 634 6 201 12
1138 1933 625 636 7 11 795
1921 1933 433 634 6 201 12
1 4 280 376 6 96 3
316 319 427 550 6 123 3
1129 1132 430 487 6 57 3
730 736 433 486 6 53 6
589 592 436 784 6 348 3
1939 1942 520 640 6 120 3
859 862 562 589 6 27 3
157 160 610 635 6 25 3
859 862 634 691 6 57 3
2074 2077 643 668 6 25 3
1669 1672 661 686 6 25 3
1669 1672 715 743 6 28 3
1 13 754 1330 6 576 12
859 862 772 866 6 94 3
586 589 964 1070 6 106 3
586 589 1093 1159 6 66 3
1945 1948 1162 1310 6 148 3
586 589 1171 1233 6 62 3
313 316 1177 1222 6 45 3
2284 2287 1189 1217 6 28 3
1672 1675 1213 1283 6 70 3
2284 2287 1270 1297 6 27 3
2284 2287 1300 1327 6 27 3
1 10 1333 1894 6 561 9
1945 1948 1342 1485 6 143 3
1672 1675 1645 1670 6 25 3
1945 1948 1687 1724 6 37 3
1945 1948 1726 1771 6 45 3
1 13 1903 2314 6 411 12
586 589 2089 2116 6 27 3
1 7 2317 2485 6 168 6
946 952 2440 2482 6 42 6
1129 1132 2446 2482 6 36 3
589 592 2449 2569 6 120 3
316 319 2482 2528 6 46 3
379 385 2494 2536 6 42 6
460 466 2494 2536 6 42 6
316 319 2530 2561 6 31 3
1129 1132 2545 2572 6 27 3
589 592 2593 2653 6 60 3
2194 2203 2620 2744 6 124 9
1951 1954 2635 2714 6 79 3
304 310 2665 3070 6 405 6
589 592 2701 2878 6 177 3
58 64 2710 2911 6 201 6
1948 1954 2722 2780 6 58 6
1129 1132 2731 2775 6 44 3
2197 2200 2746 2810 6 64 3
2194 2200 2812 3062 6 250 6
1948 1951 2815 2930 6 115 3
319 322 2842 2884 6 42 3
1948 1951 2932 2981 6 49 3
319 322 2968 3075 6 107 3
1948 1951 2983 3014 6 31 3
1948 1951 3016 3047 6 31 3
1 7 3103 3149 6 46 6
1 22 487 752 6 265 21
1 28 2491 3083 6 592 27
121 202 205 212 7 7 81
205 310 202 211 7 9 105
283 316 202 206 7 4 33
1225 1357 205 213 7 8 132
1636 1675 205 209 7 4 39
1174 1201 205 209 7 4 27
313 1222 202 214 7 12 909
2017 2125 415 421 7 6 108
91 379 412 424 7 12 288
673 781 505 510 7 5 108
2020 2128 502 507 7 5 108
130 235 502 511 7 9 105
2023 2128 583 588 7 5 105
127 232 586 593 7 7 105
673 781 586 593 7 7 108
673 781 694 700 7 6 108
2023 2131 691 696 7 5 108
127 232 694 700 7 6 105
697 748 802 806 7 4 51
154 208 805 811 7 6 54
2053 2104 802 806 7 4 51
406 505 1246 1250 7 4 99
1756 1864 1276 1283 7 7 108
943 1051 1282 1287 7 5 108
397 505 1324 1329 7 5 108
1759 1867 1357 1366 7 9 108
943 1048 1363 1369 7 6 105
397 505 1432 1436 7 4 108
943 1048 1471 1477 7 6 105
1759 1867 1468 1473 7 5 108
424 478 1540 1544 7 4 54
1786 1837 1576 1580 7 4 51
970 1024 1582 1588 7 6 54
751 778 2062 2064 7 2 27
670 778 2143 2149 7 6 108
670 778 2209 2215 7 6 108
700 754 2311 2315 7 4 54
544 586 2470 2474 7 4 42
391 418 2473 2474 7 1 27
421 490 2473 2474 7 1 69
508 538 2473 2474 7 1 30
400 451 2476 2482 7 6 51
946 1051 2500 2504 7 4 105
400 508 2554 2558 7 4 108
151 187 2596 2600 7 4 36
973 1024 2599 2605 7 6 51
1972 2059 2599 2605 7 6 87
2119 2200 2599 2606 7 7 81
115 169 2629 2633 7 4 54
220 247 2629 2632 7 3 27
250 295 2629 2633 7 4 45
112 184 2635 2641 7 6 72
430 481 2653 2658 7 5 51
175 271 2653 2660 7 7 96
190 220 2713 2715 7 2 30
88 316 3073 3085 7 12 228
1360 2200 202 215 7 13 840
55 2200 253 270 7 17 2145
