2179 2188 82 135 2 53 9
847 889 31 136 2 105 42
1684 1723 28 107 2 79 39
1819 1882 28 109 2 81 63
1897 1969 31 108 2 77 72
646 682 34 113 2 79 36
1426 1504 28 117 2 89 78
1603 1675 28 124 2 96 72
1348 1423 25 127 2 102 75
2077 2164 139 162 2 23 87
1333 1399 139 165 2 26 66
1804 2029 139 162 2 23 225
1702 1792 136 163 2 27 90
208 256 145 179 2 34 48
34 103 151 178 2 27 69
118 193 151 175 2 24 75
685 760 217 334 2 117 75
1780 1804 226 250 2 24 24
502 526 235 260 2 25 24
409 430 235 259 2 24 21
1657 1777 214 327 2 113 120
1777 1807 253 329 2 76 30
850 925 217 337 2 120 75
925 1087 217 343 2 126 162
1420 1630 217 338 2 121 210
760 823 262 338 2 76 63
118 145 313 340 2 27 27
238 265 313 339 2 26 27
1807 1909 217 328 2 111 102
1948 2191 217 339 2 122 243
31 115 226 339 2 113 84
172 235 229 340 2 111 63
403 655 226 356 2 130 252
292 406 226 343 2 117 114
1672 1915 358 413 2 55 243
238 256 400 427 2 27 18
1930 2098 355 414 2 59 168
271 403 394 457 2 63 132
1903 1951 436 489 2 53 48
415 499 397 460 2 63 84
43 151 400 458 2 58 108
151 241 412 460 2 48 90
1669 1888 436 501 2 65 219
1669 1723 511 565 2 54 54
1972 2023 511 565 2 54 51
43 289 478 547 2 69 246
298 418 475 532 2 57 120
499 559 475 530 2 55 60
418 490 496 542 2 46 72
1723 1780 532 566 2 34 57
1780 1837 523 573 2 50 57
1855 1954 511 566 2 55 99
2020 2113 511 565 2 54 93
250 307 556 608 2 52 57
46 235 556 628 2 72 189
307 541 553 608 2 55 234
2092 2182 583 627 2 44 90
37 76 655 690 2 35 39
1663 1783 688 721 2 33 120
2056 2182 715 746 2 31 126
1936 2065 715 763 2 48 129
1801 1885 739 769 2 30 84
2122 2182 748 781 2 33 60
310 367 754 785 2 31 57
37 130 733 790 2 57 93
472 511 769 799 2 30 39
1936 2032 766 796 2 30 96
1732 1795 787 818 2 31 63
1801 1882 787 818 2 31 81
1936 2017 799 829 2 30 81
310 463 769 818 2 49 153
433 511 802 833 2 31 78
1663 1732 805 835 2 30 69
1747 1831 805 835 2 30 84
310 349 823 850 2 27 39
1663 1747 820 869 2 49 84
1813 1861 853 884 2 31 48
427 460 892 919 2 27 33
2101 2125 901 928 2 27 24
2002 2086 898 929 2 31 84
1663 1705 904 935 2 31 42
1690 1765 871 935 2 64 75
1750 1783 904 934 2 30 33
2143 2185 883 946 2 63 42
1051 1096 934 957 2 23 45
946 1012 934 958 2 24 66
1021 1048 934 957 2 23 27
1105 1222 934 961 2 27 117
1294 1372 931 955 2 24 78
1993 2092 931 963 2 32 99
1891 1912 937 966 2 29 21
1663 1801 955 984 2 29 138
1843 1912 952 985 2 33 69
2113 2185 964 995 2 31 72
688 718 970 1000 2 30 30
1261 1342 985 1012 2 27 81
1003 1051 985 1015 2 30 48
511 556 1033 1063 2 30 45
583 631 1063 1116 2 53 48
2146 2185 1051 1081 2 30 39
1936 2041 1051 1078 2 27 105
1519 1558 1057 1109 2 52 39
817 856 1063 1115 2 52 39
1363 1435 1057 1111 2 54 72
856 919 1081 1115 2 34 63
1558 1630 1057 1109 2 52 72
631 730 1084 1116 2 32 99
730 790 1084 1127 2 43 60
943 997 1060 1114 2 54 54
1222 1336 1057 1111 2 54 114
1435 1519 1078 1121 2 43 84
997 1198 1069 1114 2 45 201
2068 2128 1081 1129 2 48 60
2131 2185 1099 1130 2 31 54
2137 2185 1132 1164 2 32 48
1246 1318 1156 1187 2 31 72
172 196 1180 1210 2 30 24
2155 2185 1168 1196 2 28 30
2014 2104 1180 1211 2 31 90
484 553 1171 1200 2 29 69
1315 1366 1174 1203 2 29 51
1825 1915 1174 1202 2 28 90
1129 1183 1177 1204 2 27 54
1936 1996 1180 1210 2 30 60
844 946 1189 1220 2 31 102
1231 1270 1189 1219 2 30 39
232 283 1195 1226 2 31 51
103 160 1198 1227 2 29 57
319 376 1207 1234 2 27 57
2011 2086 1213 1244 2 31 75
316 331 1240 1267 2 27 15
1270 1366 1225 1253 2 28 96
1936 2011 1231 1260 2 29 75
2071 2101 1231 1261 2 30 30
2107 2185 1234 1262 2 28 78
2041 2074 1234 1261 2 27 33
1459 1573 1243 1276 2 33 114
358 502 1237 1283 2 46 144
52 103 1252 1284 2 32 51
1012 1054 1267 1294 2 27 42
1759 1813 1264 1293 2 29 54
1390 1462 1276 1308 2 32 72
1174 1228 1297 1327 2 30 54
1864 1915 1279 1309 2 30 51
229 259 1333 1358 2 25 30
277 304 1330 1358 2 28 27
142 169 1330 1358 2 28 27
25 337 1330 1370 2 40 312
2032 2071 1354 1384 2 30 39
211 247 1375 1428 2 53 36
2077 2110 1354 1384 2 30 33
40 103 1375 1428 2 53 63
103 139 1396 1428 2 32 36
853 907 1375 1401 2 26 54
376 430 1396 1427 2 31 54
922 1024 1372 1401 2 29 102
1123 1165 1375 1401 2 26 42
847 1195 1375 1413 2 38 348
1936 2005 1387 1418 2 31 69
1786 1825 1417 1461 2 44 39
1858 1873 1417 1461 2 44 15
1876 1906 1417 1461 2 44 30
433 469 1396 1427 2 31 36
469 490 1384 1427 2 43 21
1183 1198 1420 1463 2 43 15
1201 1216 1420 1464 2 44 15
250 322 1375 1428 2 53 72
337 376 1375 1428 2 53 39
1021 1063 1420 1462 2 42 42
139 211 1396 1440 2 44 72
859 907 1420 1462 2 42 48
907 931 1435 1462 2 27 24
934 949 1435 1462 2 27 15
973 997 1435 1462 2 27 24
1063 1090 1435 1462 2 27 27
1165 1180 1435 1463 2 28 15
1216 1231 1435 1463 2 28 15
1234 1261 1435 1463 2 28 27
1381 1396 1435 1462 2 27 15
1459 1474 1435 1462 2 27 15
1630 1657 1435 1462 2 27 27
1690 1720 1435 1470 2 35 30
1828 1855 1435 1461 2 26 27
574 634 1432 1462 2 30 60
769 823 1414 1444 2 30 54
952 973 1435 1461 2 26 21
1426 1456 1417 1462 2 45 30
1477 1507 1435 1472 2 37 30
1507 1540 1435 1465 2 30 33
1543 1570 1435 1461 2 26 27
1111 1165 1420 1462 2 42 54
1264 1294 1435 1462 2 27 30
1327 1381 1420 1462 2 42 54
643 715 1432 1461 2 29 72
703 775 1414 1461 2 47 72
1588 1630 1417 1461 2 44 42
1396 1426 1435 1462 2 27 30
1657 1687 1435 1461 2 26 30
1723 1765 1417 1461 2 44 42
2053 2086 1453 1483 2 30 33
658 685 1468 1495 2 27 27
160 190 1474 1505 2 31 30
613 658 1468 1495 2 27 45
436 505 1450 1504 2 54 69
2122 2185 1471 1501 2 30 63
37 157 1453 1506 2 53 120
388 436 1462 1505 2 43 48
208 256 1453 1505 2 52 48
271 385 1453 1504 2 51 114
730 820 1480 1513 2 33 90
1936 2038 1468 1516 2 48 102
616 718 1498 1528 2 30 102
2164 2182 1504 1534 2 30 18
1963 2119 1534 1566 2 32 156
2116 2188 1522 1585 2 63 72
304 364 1561 1591 2 30 60
475 505 1597 1624 2 27 30
76 148 1585 1615 2 30 72
31 73 1603 1631 2 28 42
1249 1270 1612 1641 2 29 21
43 109 1621 1648 2 27 66
1282 1300 1645 1675 2 30 18
2038 2059 1651 1679 2 28 21
154 190 1636 1664 2 28 36
304 313 1663 1691 2 28 9
1936 2023 1651 1679 2 28 87
1933 1960 1690 1718 2 28 27
1972 2134 1690 1720 2 30 162
1165 1204 1696 1726 2 30 39
1132 1219 1732 1763 2 31 87
1252 1303 1753 1780 2 27 51
2059 2143 1732 1779 2 47 84
61 82 1768 1795 2 27 21
82 163 1750 1795 2 45 81
1300 1363 1783 1813 2 30 63
1273 1309 1819 1847 2 28 36
319 361 1801 1831 2 30 42
28 100 1819 1848 2 29 72
349 424 1819 1848 2 29 75
313 349 1834 1864 2 30 36
1228 1318 1852 1881 2 29 90
58 145 1852 1882 2 30 87
1126 1171 1867 1897 2 30 45
2020 2074 1879 1911 2 32 54
1936 1957 1897 1926 2 29 21
196 247 1885 1931 2 46 51
1657 1717 1948 1972 2 24 60
1294 1360 1957 1987 2 30 66
787 817 1960 1986 2 26 30
394 448 1978 2004 2 26 54
1210 1267 1957 1987 2 30 57
2011 2080 1966 1993 2 27 69
1111 1150 1972 2003 2 31 39
1219 1243 1990 2020 2 30 24
2134 2179 1999 2027 2 28 45
1888 1909 2014 2041 2 27 21
85 127 2023 2050 2 27 42
1282 1360 2023 2055 2 32 78
1597 1636 2026 2056 2 30 39
145 178 2035 2066 2 31 33
61 133 2053 2083 2 30 72
388 430 2074 2103 2 29 42
691 715 2101 2128 2 27 24
763 784 2101 2127 2 26 21
355 427 2107 2130 2 23 72
568 661 2101 2130 2 29 93
202 274 2107 2136 2 29 72
1060 1102 2155 2209 2 54 42
1393 1447 2158 2209 2 51 54
1621 1675 2158 2210 2 52 54
1852 1906 2158 2212 2 54 54
565 619 2161 2212 2 51 54
1810 1834 2170 2212 2 42 24
1915 1939 2170 2212 2 42 24
682 715 2176 2210 2 34 33
808 826 2176 2210 2 34 18
871 904 2176 2209 2 33 33
1300 1333 2176 2209 2 33 33
1336 1366 2176 2209 2 33 30
1444 1480 2176 2209 2 33 36
1507 1525 2176 2209 2 33 18
1564 1600 2176 2210 2 34 36
34 64 2170 2198 2 28 30
619 652 2179 2211 2 32 33
832 865 2176 2209 2 33 33
907 952 2155 2209 2 54 45
1018 1057 2176 2209 2 33 39
1777 1804 2179 2212 2 33 27
2002 2041 2179 2223 2 44 39
2083 2122 2179 2214 2 35 39
64 106 2173 2198 2 25 42
112 157 2170 2198 2 28 45
193 214 2170 2198 2 28 21
313 352 2173 2199 2 26 39
718 802 2176 2210 2 34 84
157 187 2170 2198 2 28 30
478 535 2173 2200 2 27 57
1684 1774 2179 2212 2 33 90
2128 2188 2179 2214 2 35 60
253 292 2173 2199 2 26 39
358 373 2173 2199 2 26 15
376 427 2182 2205 2 23 51
433 475 2173 2200 2 27 42
970 1015 2158 2208 2 50 45
655 682 2170 2211 2 41 27
1159 1300 2155 2209 2 54 141
1483 1507 2158 2209 2 51 24
1531 1564 2176 2210 2 34 33
1960 2005 2158 2213 2 55 45
2044 2080 2179 2213 2 34 36
1096 1141 2173 2219 2 46 45
295 334 2227 2256 2 29 39
385 442 2275 2306 2 31 57
517 541 2293 2323 2 30 24
52 94 2341 2372 2 31 42
94 190 2311 2357 2 46 96
226 271 2341 2371 2 30 45
124 166 2341 2371 2 30 42
85 130 2341 2372 2 31 45
157 235 2326 2372 2 46 78
73 103 2374 2404 2 30 30
448 487 2377 2405 2 28 39
112 127 2392 2421 2 29 15
106 172 2374 2404 2 30 66
367 445 2374 2407 2 33 78
34 112 2407 2437 2 30 78
403 430 2407 2438 2 31 27
40 79 2440 2470 2 30 39
397 463 2440 2472 2 32 66
1657 1714 2671 2702 2 31 57
1948 2038 2692 2726 2 34 90
2122 2176 2713 2741 2 28 54
2080 2116 2782 2810 2 28 36
1963 2044 2797 2826 2 29 81
1657 1774 2779 2828 2 49 117
2125 2179 2779 2830 2 51 54
1783 1906 2815 2844 2 29 123
1930 1975 2815 2843 2 28 45
1978 2071 2815 2860 2 45 93
685 766 2839 2868 2 29 81
289 352 2830 2875 2 45 63
565 652 2872 2901 2 29 87
1819 1906 2875 2904 2 29 87
1102 1306 2881 2914 2 33 204
1327 1417 2881 2911 2 30 90
1996 2071 2878 2909 2 31 75
295 358 2893 2925 2 32 63
1987 2074 2914 2945 2 31 87
778 814 2923 2953 2 30 36
607 682 2923 2954 2 31 75
1381 1447 2926 2959 2 33 66
1756 1846 2941 2986 2 45 90
1453 1513 2959 2990 2 31 60
1657 1696 2956 2987 2 31 39
2059 2125 2962 2995 2 33 66
1381 1438 2959 2990 2 31 57
1975 2098 2947 2992 2 45 123
940 967 2992 3022 2 30 27
1810 1906 2989 3022 2 33 96
616 703 2971 3020 2 49 87
1927 1996 2995 3025 2 30 69
2068 2134 2995 3041 2 46 66
709 781 3007 3038 2 31 72
2143 2176 2995 3042 2 47 33
1381 1468 3010 3041 2 31 87
