31 313 373 380 7 7 282
1927 2185 697 702 7 5 258
301 562 733 740 7 7 261
169 283 1000 1014 7 14 114
67 163 1000 1015 7 15 96
1582 1648 1027 1030 7 3 66
1375 1579 1027 1032 7 5 204
928 994 1033 1036 7 3 66
1039 1372 1030 1035 7 5 333
568 616 1036 1039 7 3 48
646 874 1033 1038 7 5 228
1666 1759 1057 1070 7 13 93
148 250 1060 1075 7 15 102
1936 2023 1264 1277 7 13 87
25 511 1300 1306 7 6 486
514 559 1300 1304 7 4 45
2035 2143 1303 1318 7 15 108
715 805 1324 1338 7 14 90
838 1024 1345 1348 7 3 186
1051 1087 1345 1349 7 4 36
1348 1390 1345 1349 7 4 42
1393 1711 1345 1349 7 4 318
1720 1759 1345 1348 7 3 39
1795 1918 1345 1348 7 3 123
1111 1261 1345 1349 7 4 150
673 757 1381 1394 7 13 84
1105 1159 1591 1595 7 4 54
1162 1372 1591 1596 7 5 210
1972 2143 1633 1640 7 7 171
28 133 1666 1681 7 15 105
565 826 1678 1691 7 13 261
340 430 1744 1758 7 14 90
301 418 1777 1792 7 15 117
637 727 1816 1830 7 14 90
112 229 1834 1848 7 14 117
589 682 1957 1971 7 14 93
847 895 2071 2074 7 3 48
898 949 2071 2074 7 3 51
1216 1411 2071 2076 7 5 195
1480 1576 2074 2077 7 3 96
1753 1822 2074 2077 7 3 69
562 826 2068 2082 7 14 264
1936 2005 2077 2079 7 2 69
2038 2185 2077 2081 7 4 147
127 223 2104 2119 7 15 96
571 865 2134 2141 7 7 294
22 262 2152 2157 7 5 240
325 367 2155 2158 7 3 42
457 526 2155 2159 7 4 69
1936 2056 2269 2281 7 12 120
607 709 2284 2299 7 15 102
367 457 2341 2355 7 14 90
16 190 2497 2502 7 5 174
247 301 2500 2502 7 2 54
313 364 2500 2503 7 3 51
367 409 2500 2503 7 3 42
517 550 2500 2505 7 5 33
406 448 2524 2528 7 4 42
625 736 2575 2590 7 15 111
22 94 2599 2610 7 11 72
181 271 2596 2609 7 13 90
1933 2056 2635 2650 7 15 123
22 124 2641 2654 7 13 102
2086 2179 2656 2670 7 14 93
1654 1747 2746 2760 7 14 93
688 814 2821 2834 7 13 126
19 136 2830 2844 7 14 117
19 130 2851 2864 7 13 111
367 457 2863 2875 7 12 90
1027 1120 2881 2894 7 13 93
1699 1804 2905 2919 7 14 105
1657 1756 2923 2936 7 13 99
19 106 2932 2945 7 13 87
1480 1606 3010 3025 7 15 126
1708 1804 3007 3021 7 14 96
1927 2047 3028 3041 7 13 120
1159 1282 3043 3058 7 15 123
