94 121 109 144 2 35 27
136 154 109 144 2 35 18
217 253 109 144 2 35 36
1981 2011 103 126 2 23 30
169 202 109 144 2 35 33
2014 2083 103 126 2 23 69
1933 1981 103 127 2 24 48
265 292 109 144 2 35 27
433 514 103 176 2 73 81
2122 2155 136 151 2 15 33
2149 2164 142 164 2 22 15
940 1009 103 176 2 73 69
2035 2107 136 151 2 15 72
94 115 151 180 2 29 21
121 148 151 179 2 28 27
157 172 151 179 2 28 15
178 202 151 179 2 28 24
211 223 151 179 2 28 12
235 259 151 180 2 29 24
268 292 154 180 2 26 24
1657 1732 100 173 2 73 75
1816 1891 100 173 2 73 75
2113 2143 151 177 2 26 30
1234 1270 100 174 2 74 36
361 427 100 175 2 75 66
523 586 103 175 2 72 63
643 700 103 175 2 72 57
712 748 103 175 2 72 36
754 823 103 176 2 73 69
1162 1228 103 174 2 71 66
1312 1378 100 174 2 74 66
1390 1459 103 174 2 71 69
1465 1531 100 180 2 80 66
1606 1645 100 174 2 74 39
1735 1804 100 173 2 73 69
832 886 103 177 2 74 54
895 934 103 176 2 73 39
160 175 220 238 2 18 15
178 190 220 238 2 18 12
253 268 220 238 2 18 15
271 292 220 240 2 20 21
313 328 220 240 2 20 15
928 946 220 240 2 20 18
949 961 220 240 2 20 12
967 982 220 239 2 19 15
985 1003 220 239 2 19 18
1066 1081 220 239 2 19 15
1165 1177 220 238 2 18 12
1300 1312 220 239 2 19 12
1357 1372 220 239 2 19 15
1396 1408 220 239 2 19 12
1687 1699 220 237 2 17 12
1699 1717 220 238 2 18 18
202 226 220 238 2 18 24
331 343 223 240 2 17 12
424 439 220 240 2 20 15
865 880 223 240 2 17 15
1006 1021 220 239 2 19 15
1045 1063 220 239 2 19 18
1087 1102 220 239 2 19 15
1834 1867 217 237 2 20 33
1261 1276 220 238 2 18 15
484 526 223 243 2 20 42
883 901 220 239 2 19 18
1108 1123 220 239 2 19 15
1141 1159 220 239 2 19 18
2110 2203 214 236 2 22 93
2047 2098 217 238 2 21 51
85 136 217 238 2 21 51
1720 1768 220 237 2 17 48
1807 1837 220 237 2 17 30
1903 1966 220 240 2 20 63
1966 1987 220 239 2 19 21
1999 2044 217 238 2 21 45
343 424 220 240 2 20 81
553 622 220 243 2 23 69
628 667 220 243 2 23 39
907 925 220 239 2 19 18
1222 1237 220 239 2 19 15
1375 1390 220 239 2 19 15
2083 2140 286 393 2 107 57
1294 1351 289 397 2 108 57
2146 2203 286 391 2 105 57
67 118 292 395 2 103 51
187 241 292 395 2 103 54
250 304 292 395 2 103 54
526 589 292 396 2 104 63
1702 1762 292 394 2 102 60
1771 1825 292 394 2 102 54
124 184 292 394 2 102 60
310 367 292 399 2 107 57
721 781 295 397 2 102 60
856 907 292 396 2 104 51
1042 1102 292 396 2 104 60
1111 1162 292 396 2 104 51
1582 1633 292 395 2 103 51
598 649 292 396 2 104 51
790 844 292 396 2 104 54
1453 1504 292 396 2 104 51
2020 2074 289 391 2 102 54
1171 1225 292 395 2 103 54
1834 1888 289 393 2 104 54
1957 2011 286 393 2 107 54
379 430 292 396 2 104 51
979 1036 292 398 2 106 57
1516 1570 292 395 2 103 54
64 103 442 503 2 61 39
1468 1483 442 505 2 63 15
1618 1633 442 503 2 61 15
256 292 442 504 2 62 36
346 379 445 504 2 59 33
1432 1465 445 504 2 59 33
592 625 445 505 2 60 33
1918 1936 451 500 2 49 18
2020 2047 463 499 2 36 27
127 142 466 504 2 38 15
166 193 466 504 2 38 27
193 208 466 504 2 38 15
1222 1252 466 519 2 53 30
1486 1513 466 505 2 39 27
1687 1714 466 503 2 37 27
1774 1801 466 502 2 36 27
2101 2131 436 498 2 62 30
142 163 454 504 2 50 21
211 241 466 504 2 38 30
295 322 469 505 2 36 27
382 412 469 505 2 36 30
511 538 469 506 2 37 27
1273 1315 442 504 2 62 42
1636 1666 466 503 2 37 30
1666 1684 454 504 2 50 18
1828 1858 439 501 2 62 30
2050 2071 463 499 2 36 21
472 508 454 506 2 52 36
538 568 469 506 2 37 30
1513 1543 466 504 2 38 30
1801 1828 466 502 2 36 27
103 124 466 504 2 38 21
415 436 469 505 2 36 21
1027 1066 442 494 2 52 39
1960 1990 439 500 2 61 30
1993 2017 463 499 2 36 24
2074 2101 463 499 2 36 27
1144 1174 442 504 2 62 30
1546 1594 466 504 2 38 48
1738 1771 442 502 2 60 33
1861 1915 463 501 2 38 54
439 472 454 506 2 52 33
673 721 469 506 2 37 48
790 817 469 505 2 36 27
1177 1222 442 504 2 62 45
1318 1372 466 504 2 38 54
1372 1408 442 505 2 63 36
628 673 445 506 2 61 45
724 790 457 506 2 49 66
1858 1897 520 581 2 61 39
607 649 526 586 2 60 42
988 1006 535 565 2 30 18
1045 1063 538 565 2 27 18
2116 2143 541 579 2 38 27
1102 1117 544 566 2 22 15
1927 1948 544 580 2 36 21
2074 2116 517 579 2 62 42
2146 2176 541 594 2 53 30
136 166 547 586 2 39 30
283 310 547 585 2 38 27
1402 1429 547 585 2 38 27
1660 1681 547 584 2 37 21
919 943 535 566 2 31 24
103 136 523 585 2 62 33
466 493 550 586 2 36 27
652 682 550 586 2 36 30
685 712 523 586 2 63 27
166 190 550 586 2 36 24
442 463 550 586 2 36 21
1318 1372 523 585 2 62 54
1066 1078 544 566 2 22 12
1081 1099 535 565 2 30 18
1120 1132 538 565 2 27 12
874 898 538 566 2 28 24
955 967 538 566 2 28 12
1432 1462 523 585 2 62 30
793 859 550 586 2 36 66
1009 1024 544 573 2 29 15
1975 2005 541 580 2 39 30
367 379 574 598 2 24 12
1897 1924 544 581 2 37 27
1951 1972 544 580 2 36 21
2008 2032 544 580 2 36 24
2179 2203 541 579 2 38 24
313 364 523 586 2 63 51
1726 1756 523 583 2 60 30
1756 1816 532 583 2 51 60
211 280 523 585 2 62 69
403 439 526 587 2 61 36
733 763 526 587 2 61 30
766 790 550 586 2 36 24
1216 1279 526 585 2 59 63
1375 1399 547 585 2 38 24
1504 1534 523 585 2 62 30
1615 1660 523 584 2 61 45
496 583 550 598 2 48 87
1534 1612 547 599 2 52 78
874 886 616 639 2 23 12
283 301 622 674 2 52 18
889 901 622 640 2 18 12
997 1009 622 645 2 23 12
1408 1429 625 661 2 36 21
1432 1453 625 661 2 36 21
1579 1600 625 660 2 35 21
1828 1849 625 658 2 33 21
451 484 625 676 2 51 33
931 952 616 639 2 23 21
1231 1249 628 661 2 33 18
1381 1402 628 661 2 33 21
88 136 622 674 2 52 48
577 595 634 677 2 43 18
1078 1090 622 637 2 15 12
235 271 622 674 2 52 36
1750 1768 625 659 2 34 18
1618 1639 625 660 2 35 21
361 385 646 677 2 31 24
415 433 646 676 2 30 18
553 577 646 677 2 31 24
736 754 646 676 2 30 18
385 412 646 689 2 43 27
1807 1825 625 659 2 34 18
1333 1354 625 661 2 36 21
1357 1378 625 661 2 36 21
1489 1507 628 661 2 33 18
1558 1576 625 661 2 36 18
1645 1663 625 660 2 35 18
1669 1732 625 660 2 35 63
1852 1870 622 659 2 37 18
922 934 661 677 2 16 12
1279 1297 625 662 2 37 18
2149 2191 616 668 2 52 42
781 793 664 685 2 21 12
2092 2146 616 667 2 51 54
139 178 622 674 2 52 39
181 196 622 674 2 52 15
211 232 622 674 2 52 21
334 358 625 676 2 51 24
613 670 625 677 2 52 57
757 778 646 676 2 30 21
487 529 625 677 2 52 42
529 550 646 676 2 30 21
670 709 646 676 2 30 39
712 733 646 677 2 31 21
520 550 694 746 2 52 30
751 763 694 745 2 51 12
2128 2146 709 739 2 30 18
409 433 715 746 2 31 24
478 496 715 746 2 31 18
589 601 715 745 2 30 12
766 787 715 746 2 31 21
1051 1063 715 734 2 19 12
1093 1105 715 734 2 19 12
163 181 718 747 2 29 18
676 700 694 746 2 52 24
1951 1981 712 741 2 29 30
2062 2077 718 740 2 22 15
2080 2092 718 739 2 21 12
2104 2116 718 739 2 21 12
2149 2164 718 739 2 21 15
97 112 724 747 2 23 15
247 262 724 747 2 23 15
265 280 724 754 2 30 15
298 313 724 747 2 23 15
2023 2050 712 739 2 27 27
877 895 718 735 2 17 18
184 199 724 747 2 23 15
64 97 715 747 2 32 33
625 649 715 746 2 31 24
2167 2200 709 739 2 30 33
385 406 715 746 2 31 21
601 622 715 746 2 31 21
1984 2011 712 740 2 28 27
283 298 724 747 2 23 15
358 382 694 746 2 52 24
433 475 715 746 2 31 42
553 586 694 746 2 52 33
652 673 715 746 2 31 21
724 748 694 746 2 52 24
790 829 715 745 2 30 39
1018 1030 742 761 2 19 12
1048 1060 742 760 2 18 12
124 151 721 747 2 26 27
208 244 718 747 2 29 36
973 997 745 760 2 15 24
925 937 742 760 2 18 12
700 730 766 815 2 49 30
640 661 784 816 2 32 21
583 613 763 815 2 52 30
769 793 784 827 2 43 24
838 862 784 826 2 42 24
664 685 784 815 2 31 21
2137 2149 790 812 2 22 12
67 82 796 822 2 26 15
1984 2002 799 814 2 15 18
298 310 805 820 2 15 12
2155 2167 796 812 2 16 12
451 478 763 816 2 53 27
2068 2083 793 817 2 24 15
388 430 766 815 2 49 42
481 517 766 816 2 50 36
520 562 766 815 2 49 42
616 637 784 816 2 32 21
730 769 784 815 2 31 39
796 835 784 814 2 30 39
157 169 799 821 2 22 12
2143 2155 835 856 2 21 12
79 94 838 858 2 20 15
109 121 841 865 2 24 12
286 298 841 857 2 16 12
199 211 841 858 2 17 12
2119 2131 895 912 2 17 12
2062 2077 892 910 2 18 15
67 82 898 918 2 20 15
181 202 898 917 2 19 21
214 229 898 917 2 19 15
232 250 901 916 2 15 18
307 325 901 916 2 15 18
85 109 904 922 2 18 24
121 133 898 917 2 19 12
2071 2083 916 936 2 20 12
2128 2140 916 935 2 19 12
2161 2173 916 935 2 19 12
88 100 925 944 2 19 12
241 253 925 942 2 17 12
1969 1990 919 937 2 18 21
139 169 928 944 2 16 30
229 244 949 969 2 20 15
133 145 952 969 2 17 12
196 208 952 969 2 17 12
2122 2134 943 961 2 18 12
247 265 949 968 2 19 18
160 178 952 969 2 17 18
2158 2188 1015 1030 2 15 30
730 745 1210 1235 2 25 15
796 814 1210 1235 2 25 18
607 631 1207 1234 2 27 24
631 643 1219 1234 2 15 12
667 691 1210 1234 2 24 24
691 712 1219 1235 2 16 21
748 778 1210 1236 2 26 30
613 631 1246 1271 2 25 18
835 850 1246 1273 2 27 15
754 778 1246 1272 2 26 24
634 649 1246 1272 2 26 15
649 667 1255 1272 2 17 18
721 745 1246 1273 2 27 24
793 820 1246 1273 2 27 27
706 718 1246 1272 2 26 12
724 739 1282 1309 2 27 15
685 697 1294 1309 2 15 12
763 775 1294 1310 2 16 12
775 790 1294 1316 2 22 15
853 865 1294 1310 2 16 12
808 832 1285 1310 2 25 24
631 682 1282 1309 2 27 51
1681 1696 1336 1358 2 22 15
1681 1693 1360 1390 2 30 12
439 451 1384 1425 2 41 12
454 472 1384 1425 2 41 18
505 523 1384 1425 2 41 18
391 406 1384 1425 2 41 15
418 433 1384 1426 2 42 15
475 493 1384 1426 2 42 18
526 541 1384 1426 2 42 15
1333 1348 1405 1461 2 56 15
340 355 1465 1495 2 30 15
376 394 1465 1495 2 30 18
571 586 1465 1495 2 30 15
526 538 1474 1495 2 21 12
409 421 1474 1495 2 21 12
448 478 1465 1495 2 30 30
481 493 1474 1496 2 22 12
541 553 1471 1496 2 25 12
556 568 1474 1496 2 22 12
424 451 1474 1502 2 28 27
502 514 1546 1568 2 22 12
367 379 1552 1569 2 17 12
358 370 1582 1605 2 23 12
451 475 1582 1605 2 23 24
1855 1873 1630 1646 2 16 18
340 352 1645 1664 2 19 12
460 472 1648 1664 2 16 12
355 373 1651 1668 2 17 18
391 406 1648 1664 2 16 15
457 469 1672 1689 2 17 12
559 571 1672 1689 2 17 12
520 532 1675 1690 2 15 12
379 391 1678 1694 2 16 12
535 550 1675 1690 2 15 15
1471 1543 1669 1687 2 18 72
493 511 1675 1690 2 15 18
1537 1564 1669 1689 2 20 27
352 376 1672 1690 2 18 24
442 454 1696 1715 2 19 12
484 496 1699 1716 2 17 12
382 403 1699 1716 2 17 21
1528 1552 1888 1930 2 42 24
1711 1729 1888 1929 2 41 18
1732 1750 1888 1929 2 41 18
1843 1858 1888 1929 2 41 15
1246 1270 1891 1931 2 40 24
1357 1381 1891 1931 2 40 24
1480 1492 1891 1930 2 39 12
1882 1900 1888 1929 2 41 18
742 757 1906 1933 2 27 15
766 781 1906 1932 2 26 15
1384 1402 1906 1932 2 26 18
1495 1507 1906 1931 2 25 12
1555 1573 1906 1930 2 24 18
1588 1600 1906 1930 2 24 12
1822 1837 1888 1929 2 41 15
1153 1180 1891 1932 2 41 27
1405 1423 1906 1941 2 35 18
1621 1642 1888 1930 2 42 21
1753 1774 1888 1929 2 41 21
1864 1879 1888 1929 2 41 15
679 691 1915 1932 2 17 12
1903 1921 1888 1930 2 42 18
700 718 1906 1932 2 26 18
1309 1342 1897 1941 2 44 33
610 649 1906 1932 2 26 39
718 742 1918 1933 2 15 24
1198 1228 1906 1932 2 26 30
1444 1462 1906 1941 2 35 18
652 676 1906 1932 2 26 24
796 835 1906 1933 2 27 39
1777 1795 1888 1930 2 42 18
1270 1306 1906 1932 2 26 36
1426 1441 1906 1931 2 25 15
1603 1618 1906 1930 2 24 15
1180 1198 1906 1932 2 26 18
775 790 1945 1970 2 25 15
1168 1195 1945 1987 2 42 27
1426 1453 1945 1987 2 42 27
1588 1609 1945 1986 2 41 21
811 829 1945 1970 2 25 18
724 736 1954 1970 2 16 12
790 802 1954 1971 2 17 12
619 637 1942 1969 2 27 18
646 673 1948 1969 2 21 27
676 697 1954 1969 2 15 21
832 859 1945 1971 2 26 27
1504 1522 1963 1987 2 24 18
1399 1414 1963 1987 2 24 15
706 724 1945 1970 2 25 18
1381 1396 1963 1987 2 24 15
1717 1732 1969 1992 2 23 15
1873 1888 1966 1991 2 25 15
1195 1216 1963 1997 2 34 21
1813 1825 1975 1992 2 17 12
631 649 1981 2006 2 25 18
715 730 1981 2006 2 25 15
1786 1801 1969 1992 2 23 15
1051 1063 1984 2001 2 17 12
1480 1501 1945 1987 2 42 21
1522 1573 1951 1987 2 36 51
1621 1642 1945 1986 2 41 21
1762 1783 1975 1992 2 17 21
799 817 1981 2007 2 26 18
1933 1945 1966 1991 2 25 12
1687 1702 1969 1992 2 23 15
1828 1843 1972 1991 2 19 15
1846 1858 1975 1991 2 16 12
673 697 1990 2007 2 17 24
730 781 1981 2008 2 27 51
955 967 1978 2001 2 23 12
817 844 1993 2008 2 15 27
1345 1357 2008 2043 2 35 12
1360 1372 2017 2043 2 26 12
1540 1561 2017 2052 2 35 21
1582 1600 2017 2042 2 25 18
1192 1240 2002 2053 2 51 48
1243 1261 2017 2053 2 36 18
1324 1345 2017 2043 2 26 21
1390 1417 2002 2042 2 40 27
1645 1675 2017 2041 2 24 30
1453 1474 1999 2042 2 43 21
1603 1624 1999 2041 2 42 21
1264 1303 2017 2044 2 27 39
1417 1435 2017 2043 2 26 18
1438 1453 2017 2043 2 26 15
1489 1504 2017 2043 2 26 15
1564 1579 2017 2042 2 25 15
1624 1642 2017 2042 2 25 18
1870 1882 2032 2047 2 15 12
1306 1321 2017 2043 2 26 15
1519 1540 2002 2043 2 41 21
922 937 2515 2556 2 41 15
1075 1090 2515 2555 2 40 15
994 1012 2512 2555 2 43 18
943 958 2515 2555 2 40 15
961 976 2515 2556 2 41 15
1024 1039 2515 2555 2 40 15
1042 1072 2512 2555 2 43 30
580 601 2608 2649 2 41 21
460 487 2608 2649 2 41 27
499 517 2623 2649 2 26 18
634 655 2623 2649 2 26 21
805 820 2626 2650 2 24 15
1195 1216 2626 2669 2 43 21
712 727 2626 2650 2 24 15
766 784 2608 2650 2 42 18
1561 1573 2632 2667 2 35 12
1381 1393 2635 2668 2 33 12
1540 1561 2641 2667 2 26 21
688 712 2608 2650 2 42 24
1267 1282 2644 2669 2 25 15
1360 1378 2644 2668 2 24 18
1483 1498 2644 2668 2 24 15
1606 1624 2641 2666 2 25 18
346 385 2608 2649 2 41 39
385 448 2623 2649 2 26 63
532 565 2608 2649 2 41 33
604 631 2608 2650 2 42 27
655 673 2623 2650 2 27 18
727 763 2626 2650 2 24 36
787 802 2626 2650 2 24 15
1153 1192 2626 2669 2 43 39
1312 1339 2626 2669 2 43 27
1513 1540 2626 2667 2 41 27
1576 1603 2641 2666 2 25 27
1216 1246 2644 2669 2 25 30
2023 2035 2653 2668 2 15 12
1246 1264 2644 2669 2 25 18
1282 1297 2635 2669 2 34 15
1342 1357 2644 2669 2 25 15
1408 1483 2626 2668 2 42 75
478 493 2671 2705 2 34 15
421 439 2680 2704 2 24 18
583 595 2680 2705 2 25 12
670 688 2680 2705 2 25 18
439 460 2662 2704 2 42 21
517 538 2662 2704 2 42 21
712 772 2665 2705 2 40 60
1312 1336 2683 2725 2 42 24
1459 1480 2683 2723 2 40 21
1177 1192 2686 2724 2 38 15
1201 1213 2686 2725 2 39 12
1357 1369 2689 2724 2 35 12
835 871 2680 2706 2 26 36
1663 1678 2698 2722 2 24 15
394 418 2662 2705 2 43 24
460 478 2680 2704 2 24 18
541 580 2662 2705 2 43 39
634 667 2671 2705 2 34 33
775 811 2680 2715 2 35 36
814 835 2665 2705 2 40 21
1642 1660 2698 2731 2 33 18
1606 1639 2698 2722 2 24 33
1483 1537 2698 2723 2 25 54
2134 2146 2713 2731 2 18 12
2164 2179 2713 2731 2 18 15
1384 1402 2683 2724 2 41 18
1537 1567 2689 2723 2 34 30
1582 1603 2680 2722 2 42 21
1231 1288 2683 2725 2 42 57
1336 1357 2701 2725 2 24 21
1405 1447 2698 2724 2 26 42
1825 1840 2794 2820 2 26 15
1690 1711 2794 2821 2 27 21
1756 1777 2794 2821 2 27 21
1711 1735 2806 2821 2 15 24
1777 1798 2806 2821 2 15 21
1861 1885 2794 2820 2 26 24
1888 1915 2803 2826 2 23 27
1876 1888 2830 2857 2 27 12
1819 1834 2833 2857 2 24 15
1711 1735 2833 2858 2 25 24
1735 1747 2842 2859 2 17 12
1849 1861 2842 2857 2 15 12
1798 1810 2842 2864 2 22 12
1921 1948 2833 2857 2 24 27
