1192 1231 64 138 2 74 39
52 79 70 104 2 34 27
94 112 70 104 2 34 18
175 211 70 105 2 35 36
1894 1915 73 95 2 22 21
127 163 70 104 2 34 36
1915 1945 73 94 2 21 30
1945 2059 70 94 2 24 114
223 250 70 105 2 35 27
715 784 64 137 2 73 69
2053 2128 88 119 2 31 75
2107 2155 88 117 2 29 48
49 70 112 140 2 28 21
79 106 112 140 2 28 27
112 127 112 140 2 28 15
169 184 112 140 2 28 15
193 217 112 141 2 29 24
976 1048 64 139 2 75 72
136 160 112 139 2 27 24
226 253 115 141 2 26 27
2035 2107 106 145 2 39 72
319 385 61 135 2 74 66
391 472 64 136 2 72 81
481 544 64 137 2 73 63
604 661 64 137 2 73 57
673 709 64 136 2 72 36
1621 1696 67 140 2 73 75
790 847 64 139 2 75 57
856 892 64 138 2 74 36
898 967 64 138 2 74 69
1045 1129 64 138 2 74 84
1123 1189 64 138 2 74 66
1270 1342 64 138 2 74 72
1351 1423 67 139 2 72 72
1426 1495 67 145 2 78 69
1492 1564 64 140 2 76 72
1570 1609 67 140 2 73 39
1696 1768 67 140 2 73 72
1777 1855 67 141 2 74 78
1927 1972 124 147 2 23 45
1960 1996 121 146 2 25 36
19 280 55 151 2 96 261
118 133 178 197 2 19 15
211 226 178 198 2 20 15
367 376 181 199 2 18 9
223 244 181 199 2 18 21
856 868 184 201 2 17 12
874 889 184 202 2 18 15
904 922 184 202 2 18 18
925 943 184 201 2 17 18
1006 1024 184 202 2 18 18
1027 1042 184 202 2 18 15
1105 1126 184 205 2 21 21
1240 1258 184 205 2 21 18
1282 1294 184 203 2 19 12
1300 1312 184 203 2 19 12
1318 1330 184 203 2 19 12
1336 1351 184 203 2 19 15
1804 1831 184 205 2 21 27
271 322 181 200 2 19 51
382 397 181 199 2 18 15
946 961 184 202 2 18 15
1201 1216 184 202 2 18 15
1651 1663 184 204 2 20 12
1666 1681 184 204 2 20 15
1717 1732 187 204 2 17 15
1753 1768 187 204 2 17 15
982 1003 184 202 2 18 21
43 94 178 197 2 19 51
1045 1063 184 202 2 18 18
1081 1099 184 203 2 19 18
133 187 178 198 2 20 54
325 355 181 199 2 18 30
2074 2167 181 204 2 23 93
1147 1156 184 202 2 18 9
1183 1198 184 202 2 18 15
442 514 181 204 2 23 72
511 586 181 203 2 22 75
1684 1714 184 204 2 20 30
1771 1801 184 204 2 20 30
1867 1924 187 208 2 21 57
1930 2068 184 207 2 23 138
157 172 241 260 2 19 15
1303 1348 241 330 2 89 45
1570 1588 241 330 2 89 18
1591 1609 247 265 2 18 18
1825 1843 247 265 2 18 18
433 475 274 328 2 54 42
589 619 274 328 2 54 30
214 244 253 326 2 73 30
928 967 277 330 2 53 39
1420 1462 277 331 2 54 42
1822 1846 277 330 2 53 24
640 745 238 350 2 112 105
1372 1420 241 330 2 89 48
1591 1612 277 330 2 53 21
1846 1888 241 330 2 89 42
1930 1975 274 329 2 55 45
1519 1567 241 330 2 89 48
1225 1261 277 330 2 53 36
844 928 241 329 2 88 84
970 1006 277 329 2 52 36
1462 1498 277 331 2 54 36
1651 1717 277 331 2 54 66
1741 1822 241 331 2 90 81
109 175 274 326 2 52 66
19 106 235 326 2 91 87
175 214 274 326 2 52 39
259 394 238 327 2 89 135
394 433 274 328 2 54 39
475 505 256 328 2 72 30
748 829 274 329 2 55 81
1147 1225 277 331 2 54 78
1264 1300 277 330 2 53 36
1891 1930 277 330 2 53 39
1975 2056 241 329 2 88 81
505 586 274 328 2 54 81
1102 1144 241 330 2 89 42
1612 1651 277 331 2 54 39
1984 2005 352 441 2 89 21
952 1012 355 444 2 89 60
1183 1234 355 443 2 88 51
322 352 388 441 2 53 30
430 472 388 441 2 53 42
2134 2167 388 442 2 54 33
1363 1402 391 444 2 53 39
1744 1774 391 444 2 53 30
1306 1360 355 444 2 89 54
1519 1579 355 445 2 90 60
1777 1792 424 461 2 37 15
121 178 349 440 2 91 57
181 247 352 439 2 87 66
250 319 388 441 2 53 69
391 430 352 442 2 90 39
607 715 388 442 2 54 108
1015 1057 391 443 2 52 42
1060 1087 370 443 2 73 27
2098 2131 388 442 2 54 33
472 607 388 463 2 75 135
754 796 352 443 2 91 42
799 871 370 443 2 73 72
1579 1615 391 444 2 53 36
1618 1648 391 445 2 54 30
1651 1741 355 445 2 90 90
1816 1984 355 463 2 108 168
2008 2095 388 442 2 54 87
871 919 391 463 2 72 48
1237 1282 391 464 2 73 45
1405 1495 391 465 2 74 90
139 160 481 533 2 52 21
586 598 484 536 2 52 12
604 616 484 536 2 52 12
1132 1150 484 536 2 52 18
163 232 481 534 2 53 69
655 685 487 537 2 50 30
1972 2002 484 535 2 51 30
2026 2044 484 535 2 51 18
2059 2080 484 535 2 51 21
397 415 493 536 2 43 18
532 568 484 536 2 52 36
235 250 484 534 2 50 15
445 457 505 536 2 31 12
571 583 505 536 2 31 12
619 640 505 537 2 32 21
691 712 505 538 2 33 21
1927 1969 484 536 2 52 42
322 334 505 535 2 30 12
337 364 505 548 2 43 27
367 394 484 536 2 52 27
418 442 505 536 2 31 24
463 487 505 536 2 31 24
493 517 505 548 2 43 24
1588 1606 508 544 2 36 18
1609 1630 508 544 2 36 21
1633 1654 508 543 2 35 21
1720 1741 508 543 2 35 21
1777 1798 508 544 2 36 21
1801 1822 508 543 2 35 21
46 103 481 533 2 52 57
1027 1048 487 537 2 50 21
718 745 508 550 2 42 27
1342 1351 520 537 2 17 9
871 910 484 536 2 52 39
1699 1720 508 544 2 36 21
106 127 481 534 2 53 21
748 760 526 547 2 21 12
1447 1480 508 544 2 36 33
1507 1552 508 544 2 36 45
1672 1693 508 543 2 35 21
289 319 484 536 2 52 30
1108 1129 484 537 2 53 21
2005 2026 484 536 2 52 21
913 1024 484 537 2 53 111
1153 1246 484 538 2 54 93
1258 1297 484 537 2 53 39
1300 1342 484 538 2 54 42
2083 2149 484 536 2 52 66
1483 1504 508 544 2 36 21
1555 1573 508 544 2 36 18
1759 1774 508 544 2 36 15
520 544 556 606 2 50 24
589 604 556 606 2 50 15
358 382 574 606 2 32 24
466 490 574 606 2 32 24
607 625 574 606 2 32 18
493 517 556 606 2 50 24
679 691 577 606 2 29 12
67 88 580 609 2 29 21
232 247 580 610 2 30 15
1909 1930 580 611 2 31 21
1987 1996 580 610 2 30 9
2017 2035 580 610 2 30 18
1144 1162 583 612 2 29 18
1240 1258 583 613 2 30 18
265 277 586 610 2 24 12
643 679 556 607 2 51 36
1207 1219 583 612 2 29 12
88 106 586 616 2 30 18
973 985 589 612 2 23 12
1966 1978 589 610 2 21 12
1981 1987 589 610 2 21 6
2095 2107 589 610 2 21 12
2110 2125 589 610 2 21 15
2155 2170 589 611 2 22 15
19 55 577 609 2 32 36
166 193 580 609 2 29 27
544 571 574 618 2 44 27
106 139 586 616 2 30 33
919 940 583 611 2 28 21
1000 1027 583 612 2 29 27
1279 1315 583 613 2 30 36
325 355 553 606 2 53 30
385 415 553 606 2 53 30
436 463 553 606 2 53 27
943 970 589 612 2 23 27
142 163 580 609 2 29 21
205 232 580 610 2 30 27
694 787 565 607 2 42 93
250 262 586 610 2 24 12
832 850 583 612 2 29 18
1039 1069 583 612 2 29 30
1933 1963 589 611 2 22 30
2077 2092 580 610 2 30 15
2125 2152 580 617 2 37 27
850 907 583 612 2 29 57
1069 1090 583 611 2 28 21
1102 1144 583 612 2 29 42
1174 1186 583 612 2 29 12
1318 1336 583 613 2 30 18
1339 1351 592 613 2 21 12
2038 2053 589 617 2 28 15
547 577 625 675 2 50 30
511 526 634 675 2 41 15
715 733 634 676 2 42 18
580 604 643 676 2 33 24
733 757 643 676 2 33 24
355 409 625 676 2 51 54
427 460 622 675 2 53 33
760 778 643 675 2 32 18
604 652 643 675 2 32 48
781 820 646 675 2 29 39
136 151 658 682 2 24 15
166 172 658 682 2 24 6
199 211 658 683 2 25 12
232 241 658 682 2 24 9
2092 2104 658 682 2 24 12
2119 2125 658 683 2 25 6
835 847 661 684 2 23 12
886 898 661 684 2 23 12
1105 1117 661 684 2 23 12
1936 1942 661 684 2 23 6
2020 2029 661 683 2 22 9
76 88 664 682 2 18 12
940 946 664 684 2 20 6
970 985 661 684 2 23 15
1186 1192 664 686 2 22 6
1252 1261 664 686 2 22 9
1288 1303 664 686 2 22 15
1312 1318 664 686 2 22 6
1945 1951 664 684 2 20 6
1975 1987 661 684 2 23 12
2005 2011 664 684 2 20 6
244 256 667 689 2 22 12
901 913 667 684 2 17 12
928 937 667 684 2 17 9
988 997 667 684 2 17 9
1012 1021 667 685 2 18 9
1042 1054 667 691 2 24 12
1063 1075 667 684 2 17 12
1078 1090 667 691 2 24 12
1990 2002 667 684 2 17 12
463 511 643 675 2 32 48
655 676 643 676 2 33 21
691 715 625 676 2 51 24
850 862 667 684 2 17 12
1024 1033 667 684 2 17 9
1954 1963 661 684 2 23 9
55 73 658 682 2 24 18
1912 1930 661 685 2 24 18
19 43 658 683 2 25 24
1345 1360 661 686 2 25 15
916 925 667 685 2 18 9
25 34 694 719 2 25 9
55 70 694 719 2 25 15
88 103 697 719 2 22 15
106 118 697 719 2 22 12
142 148 697 719 2 22 6
847 865 697 721 2 24 18
880 889 697 721 2 24 9
994 1000 697 721 2 24 6
2041 2056 697 720 2 23 15
2080 2086 697 720 2 23 6
2086 2092 697 718 2 21 6
199 211 697 720 2 23 12
949 961 700 721 2 21 12
1120 1132 700 722 2 22 12
1156 1165 700 722 2 22 9
1192 1198 700 722 2 22 6
1282 1294 700 723 2 23 12
1309 1318 700 723 2 23 9
238 247 703 720 2 17 9
1225 1231 703 724 2 21 6
1990 2002 703 721 2 18 12
2023 2032 703 720 2 17 9
2059 2068 703 720 2 17 9
1297 1306 706 723 2 17 9
1573 1594 667 712 2 45 21
1933 1957 697 721 2 24 24
2113 2125 703 720 2 17 12
1261 1279 703 723 2 20 18
1321 1330 706 723 2 17 9
1621 1675 694 730 2 36 54
1966 1984 697 721 2 24 18
2125 2140 697 720 2 23 15
1243 1258 700 723 2 23 15
127 139 697 720 2 23 12
178 190 703 720 2 17 12
226 235 703 720 2 17 9
2005 2020 700 720 2 20 15
211 220 760 779 2 19 9
1012 1024 760 780 2 20 12
1672 1711 748 768 2 20 39
1318 1327 763 782 2 19 9
1345 1360 763 782 2 19 15
2065 2080 760 780 2 20 15
2146 2173 760 779 2 19 27
82 124 760 783 2 23 42
919 940 760 779 2 19 21
1939 1963 760 780 2 20 24
2092 2110 763 783 2 20 18
955 985 760 780 2 20 30
835 865 760 780 2 20 30
1123 1141 766 785 2 19 18
1207 1225 763 781 2 18 18
19 43 760 779 2 19 24
184 202 760 779 2 19 18
229 280 760 783 2 23 51
1027 1069 763 780 2 17 42
1102 1111 763 781 2 18 9
1912 1936 760 780 2 20 24
1975 2005 760 779 2 19 30
2017 2044 760 779 2 19 27
22 34 784 805 2 21 12
175 205 787 805 2 18 30
847 859 787 806 2 19 12
928 937 787 805 2 18 9
964 976 787 805 2 18 12
1183 1195 787 807 2 20 12
1975 1984 787 805 2 18 9
2008 2020 787 805 2 18 12
265 274 790 809 2 19 9
1024 1042 787 806 2 19 18
1246 1270 790 808 2 18 24
2128 2155 787 805 2 18 27
208 229 787 805 2 18 21
232 250 787 809 2 22 18
859 886 790 810 2 20 27
1927 1942 787 806 2 19 15
985 1018 787 805 2 18 33
1222 1243 790 807 2 17 21
1276 1303 790 812 2 22 27
52 103 787 805 2 18 51
130 157 787 805 2 18 27
2062 2104 787 805 2 18 42
1045 1075 787 809 2 22 30
1117 1144 787 811 2 24 27
46 52 811 831 2 20 6
883 895 814 831 2 17 12
919 928 814 831 2 17 9
1201 1213 814 833 2 19 12
985 1003 814 831 2 17 18
133 160 814 831 2 17 27
208 229 811 830 2 19 21
1150 1165 814 833 2 19 15
1261 1276 814 834 2 20 15
2023 2053 814 832 2 18 30
70 127 811 831 2 20 57
163 190 814 831 2 17 27
1228 1252 817 834 2 17 24
1945 1981 814 831 2 17 36
2053 2080 811 831 2 20 27
2092 2131 811 835 2 24 39
1735 1759 868 921 2 53 24
121 154 868 886 2 18 33
64 112 913 930 2 17 48
214 277 910 927 2 17 63
16 61 934 952 2 18 45
103 130 934 952 2 18 27
52 79 955 972 2 17 27
121 199 979 996 2 17 78
127 199 1024 1041 2 17 72
1588 1630 1054 1108 2 54 42
799 817 1099 1125 2 26 18
676 694 1117 1143 2 26 18
130 154 1177 1194 2 17 24
112 127 1177 1194 2 17 15
250 274 1177 1194 2 17 24
337 355 1192 1233 2 41 18
358 376 1192 1233 2 41 18
379 394 1192 1233 2 41 15
406 421 1192 1233 2 41 15
439 457 1192 1233 2 41 18
460 475 1192 1234 2 42 15
571 586 1192 1234 2 42 15
682 700 1192 1235 2 43 18
703 721 1192 1234 2 42 18
745 763 1192 1235 2 43 18
787 805 1192 1235 2 43 18
724 745 1192 1234 2 42 21
505 520 1192 1234 2 42 15
478 502 1192 1234 2 42 24
16 76 1198 1218 2 20 60
313 334 1189 1232 2 43 21
592 610 1192 1234 2 42 18
766 784 1192 1235 2 43 18
613 628 1192 1235 2 43 15
631 667 1192 1235 2 43 36
289 301 1276 1306 2 30 12
559 580 1276 1306 2 30 21
349 367 1279 1306 2 27 18
505 511 1279 1307 2 28 6
370 376 1285 1306 2 21 6
379 394 1285 1306 2 21 15
427 439 1285 1307 2 22 12
514 529 1285 1308 2 23 15
532 544 1285 1308 2 23 12
583 595 1285 1307 2 22 12
598 613 1285 1307 2 22 15
760 775 1285 1308 2 23 15
793 808 1285 1308 2 23 15
304 319 1285 1306 2 21 15
616 655 1285 1307 2 22 39
469 502 1279 1307 2 28 33
664 715 1279 1307 2 28 51
397 409 1285 1307 2 22 12
412 424 1285 1307 2 22 12
724 757 1279 1307 2 28 33
778 790 1285 1308 2 23 12
331 337 1357 1380 2 23 6
388 394 1357 1380 2 23 6
517 526 1357 1381 2 24 9
559 571 1357 1380 2 23 12
667 673 1357 1380 2 23 6
763 775 1357 1381 2 24 12
790 796 1357 1381 2 24 6
799 805 1357 1381 2 24 6
484 490 1360 1381 2 21 6
574 583 1363 1380 2 17 9
676 685 1363 1381 2 18 9
397 406 1363 1380 2 17 9
592 610 1363 1380 2 17 18
649 664 1357 1380 2 23 15
292 304 1357 1379 2 22 12
307 322 1363 1381 2 18 15
445 457 1366 1384 2 18 12
1537 1579 1381 1424 2 43 42
61 109 1378 1397 2 19 48
580 589 1393 1417 2 24 9
298 310 1396 1417 2 21 12
337 343 1396 1417 2 21 6
433 439 1396 1417 2 21 6
448 454 1396 1417 2 21 6
730 736 1396 1418 2 22 6
757 763 1396 1418 2 22 6
607 619 1399 1417 2 18 12
478 490 1402 1424 2 22 12
346 358 1393 1417 2 24 12
190 205 1444 1461 2 17 15
289 301 1456 1475 2 19 12
418 427 1459 1476 2 17 9
736 745 1459 1476 2 17 9
361 376 1459 1476 2 17 15
685 706 1459 1476 2 17 21
559 568 1456 1476 2 20 9
622 655 1459 1476 2 17 33
757 817 1459 1477 2 18 60
298 310 1483 1501 2 18 12
340 352 1483 1501 2 18 12
562 571 1483 1501 2 18 9
610 619 1483 1500 2 17 9
709 721 1483 1502 2 19 12
436 448 1483 1502 2 19 12
667 697 1483 1502 2 19 30
223 274 1489 1506 2 17 51
769 790 1489 1506 2 17 21
1588 1615 1495 1523 2 28 27
634 652 1510 1527 2 17 18
307 316 1510 1527 2 17 9
442 454 1510 1528 2 18 12
73 103 1510 1527 2 17 30
112 130 1510 1527 2 17 18
133 256 1513 1530 2 17 123
571 607 1510 1530 2 20 36
655 682 1510 1527 2 17 27
709 718 1510 1527 2 17 9
721 736 1510 1527 2 17 15
409 424 1513 1532 2 19 15
1549 1564 1513 1541 2 28 15
214 229 1555 1572 2 17 15
1726 1738 1564 1581 2 17 12
13 40 1576 1593 2 17 27
1573 1585 1582 1599 2 17 12
148 157 1621 1638 2 17 9
70 118 1621 1640 2 19 48
1396 1411 1651 1693 2 42 15
1417 1432 1651 1694 2 43 15
1435 1453 1651 1694 2 43 18
1456 1471 1651 1694 2 43 15
1474 1492 1651 1695 2 44 18
2020 2038 1645 1671 2 26 18
1510 1528 1654 1695 2 41 18
1531 1546 1654 1695 2 41 15
1669 1687 1654 1696 2 42 18
1690 1705 1654 1696 2 42 15
1708 1723 1654 1696 2 42 15
1726 1735 1654 1696 2 42 9
1759 1777 1654 1697 2 43 18
1792 1807 1654 1697 2 43 15
1849 1867 1654 1697 2 43 18
1810 1828 1657 1697 2 40 18
1831 1846 1654 1697 2 43 15
1738 1756 1654 1697 2 43 18
214 256 1666 1683 2 17 42
1594 1600 1681 1701 2 20 6
1549 1591 1654 1695 2 41 42
1459 1480 1738 1768 2 30 21
1531 1549 1738 1768 2 30 18
1639 1660 1741 1770 2 29 21
1834 1852 1741 1771 2 30 18
1552 1558 1747 1768 2 21 6
1606 1621 1747 1768 2 21 15
1483 1513 1747 1768 2 21 30
1663 1675 1750 1771 2 21 12
1735 1750 1750 1771 2 21 15
1750 1756 1750 1771 2 21 6
1759 1765 1750 1771 2 21 6
1855 1870 1750 1771 2 21 15
1873 1888 1750 1774 2 24 15
1678 1693 1750 1770 2 20 15
1768 1789 1744 1771 2 27 21
1714 1732 1741 1770 2 29 18
1402 1426 1747 1767 2 20 24
1369 1384 1738 1767 2 29 15
1387 1399 1747 1768 2 21 12
1429 1441 1747 1768 2 21 12
1576 1603 1741 1769 2 28 27
1561 1573 1741 1769 2 28 12
1792 1813 1741 1771 2 30 21
1378 1384 1819 1840 2 21 6
1447 1453 1819 1839 2 20 6
1606 1615 1819 1841 2 22 9
1642 1654 1819 1843 2 24 12
1795 1807 1822 1843 2 21 12
1861 1867 1822 1844 2 22 6
1870 1876 1822 1843 2 21 6
1891 1897 1822 1843 2 21 6
1426 1435 1855 1877 2 22 9
1678 1684 1858 1880 2 22 6
1777 1783 1858 1880 2 22 6
1807 1816 1858 1881 2 23 9
1513 1522 1861 1878 2 17 9
1531 1540 1861 1878 2 17 9
1732 1744 1864 1881 2 17 12
1837 1846 1864 1881 2 17 9
1708 1729 1858 1880 2 22 21
1369 1381 1918 1936 2 18 12
1423 1435 1918 1936 2 18 12
1450 1462 1918 1936 2 18 12
1579 1591 1918 1936 2 18 12
1621 1627 1918 1938 2 20 6
1831 1840 1921 1939 2 18 9
1774 1786 1921 1940 2 19 12
1864 1873 1921 1939 2 18 9
1495 1516 1945 1962 2 17 21
1648 1660 1948 1965 2 17 12
1783 1795 1948 1966 2 18 12
1843 1852 1948 1965 2 17 9
1855 1864 1948 1966 2 18 9
1705 1729 1948 1965 2 17 24
1375 1390 1942 1962 2 20 15
1405 1441 1945 1962 2 17 36
1528 1549 1945 1962 2 17 21
1402 1414 1969 1987 2 18 12
1507 1525 1969 1988 2 19 18
1768 1780 1972 1991 2 19 12
1780 1792 1972 1991 2 19 12
1555 1588 1969 1987 2 18 33
1735 1744 1978 1995 2 17 9
1672 1687 1972 1991 2 19 15
1801 1819 1972 1991 2 19 18
553 565 2425 2467 2 42 12
604 613 2425 2444 2 19 9
439 463 2425 2467 2 42 24
568 589 2443 2467 2 24 21
628 655 2425 2468 2 43 27
736 754 2443 2468 2 25 18
694 715 2443 2468 2 25 21
463 508 2425 2467 2 42 45
307 358 2425 2467 2 42 51
361 424 2425 2477 2 52 63
511 538 2440 2467 2 27 27
655 694 2443 2468 2 25 39
718 733 2443 2469 2 26 15
301 313 2500 2523 2 23 12
337 349 2500 2523 2 23 12
397 403 2500 2524 2 24 6
478 493 2500 2524 2 24 15
505 511 2500 2524 2 24 6
514 520 2500 2524 2 24 6
595 610 2500 2525 2 25 15
328 334 2503 2523 2 20 6
382 397 2500 2524 2 24 15
664 676 2503 2525 2 22 12
718 730 2503 2525 2 22 12
316 325 2506 2523 2 17 9
352 361 2506 2523 2 17 9
364 373 2506 2524 2 18 9
424 436 2506 2523 2 17 12
778 790 2509 2526 2 17 12
703 715 2503 2525 2 22 12
133 154 2527 2550 2 23 21
163 181 2524 2550 2 26 18
46 58 2533 2551 2 18 12
10 43 2524 2550 2 26 33
322 328 2536 2559 2 23 6
208 235 2524 2549 2 25 27
538 547 2539 2562 2 23 9
676 685 2539 2562 2 23 9
697 703 2539 2562 2 23 6
181 208 2524 2549 2 25 27
337 346 2542 2559 2 17 9
373 382 2542 2560 2 18 9
85 130 2533 2551 2 18 45
652 661 2545 2562 2 17 9
664 673 2545 2562 2 17 9
67 85 2524 2551 2 27 18
400 418 2536 2560 2 24 18
586 622 2539 2562 2 23 36
349 370 2542 2560 2 18 21
724 748 2539 2562 2 23 24
112 124 2560 2587 2 27 12
241 256 2560 2587 2 27 15
712 721 2545 2562 2 17 9
145 172 2560 2587 2 27 27
229 238 2569 2587 2 18 9
46 103 2560 2587 2 27 57
967 985 2575 2601 2 26 18
1018 1036 2575 2602 2 27 18
1300 1327 2578 2620 2 42 27
2155 2164 2578 2633 2 55 9
28 46 2560 2587 2 27 18
172 226 2560 2587 2 27 54
928 937 2584 2601 2 17 9
826 856 2575 2604 2 29 30
940 958 2578 2601 2 23 18
1762 1789 2578 2620 2 42 27
859 889 2578 2601 2 23 30
1330 1354 2587 2620 2 33 24
1354 1375 2596 2620 2 24 21
1459 1474 2596 2621 2 25 15
1597 1618 2596 2620 2 24 21
1657 1672 2596 2621 2 25 15
139 154 2599 2624 2 25 15
157 163 2599 2624 2 25 6
196 211 2599 2623 2 24 15
892 925 2575 2607 2 32 33
1537 1558 2578 2620 2 42 21
1567 1597 2578 2620 2 42 30
1618 1633 2596 2620 2 24 15
1633 1657 2578 2620 2 42 24
1420 1438 2596 2620 2 24 18
1969 1981 2605 2622 2 17 12
76 94 2599 2624 2 25 18
835 850 2611 2637 2 26 15
910 919 2611 2637 2 26 9
940 961 2611 2638 2 27 21
961 973 2614 2638 2 24 12
1225 1270 2578 2620 2 42 45
1117 1225 2578 2619 2 41 108
1270 1288 2596 2620 2 24 18
1387 1417 2578 2620 2 42 30
1441 1459 2596 2620 2 24 18
1486 1534 2581 2620 2 39 48
1681 1702 2578 2620 2 42 21
1705 1735 2578 2620 2 42 30
1738 1753 2596 2621 2 25 15
1981 1999 2605 2622 2 17 18
97 130 2608 2625 2 17 33
850 862 2620 2637 2 17 12
1792 1852 2596 2631 2 35 60
2020 2059 2605 2623 2 18 39
37 70 2599 2625 2 26 33
877 901 2611 2637 2 26 24
982 1000 2611 2638 2 27 18
1024 1072 2623 2640 2 17 48
1159 1186 2632 2674 2 42 27
1498 1507 2635 2675 2 40 9
1507 1528 2635 2676 2 41 21
1537 1546 2635 2675 2 40 9
850 859 2647 2674 2 27 9
889 907 2650 2675 2 25 18
967 976 2650 2675 2 25 9
1207 1225 2650 2675 2 25 18
1357 1369 2650 2676 2 26 12
1657 1678 2650 2675 2 25 21
1852 1867 2650 2676 2 26 15
1279 1303 2635 2675 2 40 24
1381 1420 2635 2676 2 41 39
1549 1570 2650 2675 2 25 21
1072 1081 2656 2677 2 21 9
1429 1459 2635 2676 2 41 30
1936 1951 2659 2676 2 17 15
1972 1984 2659 2676 2 17 12
2002 2029 2659 2677 2 18 27
1327 1354 2650 2675 2 25 27
907 946 2647 2675 2 28 39
1033 1060 2662 2683 2 21 27
1954 1969 2659 2676 2 17 15
2080 2092 2659 2678 2 19 12
2113 2125 2659 2678 2 19 12
1186 1204 2650 2675 2 25 18
1228 1264 2632 2675 2 43 36
1306 1324 2650 2675 2 25 18
1459 1495 2650 2676 2 26 36
1618 1657 2650 2676 2 26 39
1000 1030 2650 2677 2 27 30
1579 1618 2635 2676 2 41 39
2032 2050 2659 2682 2 23 18
1900 1921 3019 3049 2 30 21
