10 28 85 100 1 15 18
2104 2173 121 167 1 46 69
2188 2206 124 134 1 10 18
2068 2095 139 152 1 13 27
2200 2206 157 169 1 12 6
1945 2101 157 197 1 40 156
1096 1180 115 188 1 73 84
1543 1615 115 190 1 75 72
2188 2206 184 196 1 12 18
19 37 181 280 1 99 18
1372 1396 217 223 1 6 24
1753 1768 217 224 1 7 15
1783 1801 217 224 1 7 18
1852 1861 217 224 1 7 9
1867 1930 217 224 1 7 63
1996 2020 217 224 1 7 24
1240 1270 217 223 1 6 30
814 820 232 241 1 9 6
943 949 232 251 1 19 6
1120 1126 232 252 1 20 6
1198 1207 232 252 1 20 9
493 676 232 254 1 22 183
1108 1114 235 238 1 3 6
1606 1612 235 241 1 6 6
2011 2059 235 256 1 21 48
2113 2116 235 256 1 21 3
235 238 241 248 1 7 3
262 268 244 248 1 4 6
1171 1174 247 255 1 8 3
331 352 274 276 1 2 21
13 16 292 304 1 12 3
1219 1231 517 523 1 6 12
1261 1270 517 521 1 4 9
1873 1936 517 524 1 7 63
1945 1954 517 529 1 12 9
1399 1459 517 525 1 8 60
373 385 538 548 1 10 12
496 508 538 549 1 11 12
622 631 538 549 1 11 9
799 811 556 597 1 41 12
1393 1399 568 587 1 19 6
733 742 610 619 1 9 9
787 796 610 619 1 9 9
274 280 631 659 1 28 6
916 922 631 661 1 30 6
1111 1138 631 661 1 30 27
1069 1078 634 661 1 27 9
1369 1375 634 663 1 29 6
205 211 637 659 1 22 6
1240 1246 655 662 1 7 6
1273 1276 655 663 1 8 3
1312 1315 655 663 1 8 3
1405 1408 655 670 1 15 3
1627 1639 700 709 1 9 12
580 595 706 714 1 8 15
1723 1732 700 712 1 12 9
187 193 709 732 1 23 6
217 220 709 732 1 23 3
247 292 709 733 1 24 45
1612 1618 709 727 1 18 6
1672 1681 709 715 1 6 9
1987 2014 709 734 1 25 27
2158 2194 709 733 1 24 36
937 976 712 735 1 23 39
1153 1165 712 734 1 22 12
1234 1252 712 736 1 24 18
1303 1324 712 736 1 24 21
1339 1393 712 736 1 24 54
2041 2062 712 734 1 22 21
163 172 715 732 1 17 9
310 325 718 738 1 20 15
901 910 718 734 1 16 9
1048 1057 718 733 1 15 9
1075 1090 718 734 1 16 15
1105 1111 718 734 1 16 6
1171 1201 718 735 1 17 30
2098 2131 718 733 1 15 33
1258 1288 721 736 1 15 30
2212 2221 715 733 1 18 9
76 82 745 769 1 24 6
115 166 745 769 1 24 51
490 499 745 749 1 4 9
2035 2083 745 771 1 26 48
931 952 748 771 1 23 21
1045 1060 748 771 1 23 15
1168 1195 748 771 1 23 27
1207 1216 748 772 1 24 9
1225 1282 748 774 1 26 57
1291 1330 748 773 1 25 39
1999 2008 748 771 1 23 9
2128 2173 748 770 1 22 45
208 238 754 770 1 16 30
265 316 754 770 1 16 51
970 991 754 771 1 17 21
1105 1114 754 771 1 17 9
1084 1099 757 771 1 14 15
1609 1615 757 760 1 3 6
340 598 763 1073 1 310 258
913 922 754 771 1 17 9
1372 1381 757 773 1 16 9
2191 2197 763 770 1 7 6
601 877 763 1207 1 444 276
1609 1627 775 809 1 34 18
85 124 811 855 1 44 39
229 328 811 881 1 70 99
886 892 811 830 1 19 6
985 991 811 829 1 18 6
1018 1036 811 829 1 18 18
1105 1141 811 830 1 19 36
1999 2014 811 830 1 19 15
187 226 814 829 1 15 39
1348 1366 814 832 1 18 18
2041 2104 814 855 1 41 63
928 955 817 830 1 13 27
1075 1084 817 829 1 12 9
1174 1195 817 861 1 44 21
1228 1252 817 857 1 40 24
1276 1324 817 832 1 15 48
2161 2164 835 844 1 9 3
1090 1093 838 856 1 18 3
1210 1216 838 857 1 19 6
1951 1954 838 895 1 57 3
928 967 841 860 1 19 39
988 1006 841 856 1 15 18
1036 1069 841 856 1 15 33
1117 1123 841 856 1 15 6
2005 2014 841 856 1 15 9
136 175 841 881 1 40 39
1285 1294 844 856 1 12 9
1336 1351 844 862 1 18 15
2194 2206 841 855 1 14 12
910 916 850 856 1 6 6
2104 2140 862 881 1 19 36
2059 2065 865 881 1 16 6
2020 2026 868 881 1 13 6
1228 1243 871 883 1 12 15
994 1006 868 881 1 13 12
1066 1081 868 881 1 13 15
1762 1768 895 902 1 7 6
1774 1810 895 916 1 21 36
103 265 916 955 1 39 162
880 1144 919 1522 1 603 264
1960 2224 919 1871 1 952 264
274 325 922 954 1 32 51
1150 1411 922 1390 1 468 261
304 328 925 929 1 4 24
1618 1621 928 940 1 12 3
1540 1546 940 948 1 8 6
1624 1627 964 973 1 9 3
67 325 967 1135 1 168 258
1714 1726 967 991 1 24 12
1768 1780 985 1015 1 30 12
1792 1804 988 996 1 8 12
331 334 1003 1016 1 13 3
1678 1711 1003 1078 1 75 33
340 595 1006 1205 1 199 255
1717 1720 1054 1065 1 11 3
64 169 1105 1176 1 71 105
181 262 1123 1155 1 32 81
148 196 1144 1177 1 33 48
331 334 1165 1177 1 12 3
64 325 1162 1355 1 193 261
580 625 1219 1230 1 11 45
352 361 1219 1225 1 6 9
721 730 1261 1269 1 8 9
1954 1957 1291 1312 1 21 3
4 10 1327 1333 1 6 6
418 427 1327 1356 1 29 9
862 865 1351 1363 1 12 3
1735 1741 1363 1370 1 7 6
64 325 1384 1511 1 127 261
871 874 1393 1408 1 15 3
1147 1408 1402 1861 1 459 261
346 352 1405 1429 1 24 6
637 658 1405 1430 1 25 21
391 421 1408 1430 1 22 30
439 493 1408 1431 1 23 54
718 721 1408 1430 1 22 3
727 763 1408 1431 1 23 36
811 865 1408 1431 1 23 54
370 385 1414 1430 1 16 15
520 553 1414 1431 1 17 33
781 790 1414 1430 1 16 9
583 595 1417 1430 1 13 12
1588 1630 1435 1474 1 39 42
364 406 1444 1467 1 23 42
550 583 1444 1468 1 24 33
796 811 1444 1468 1 24 15
817 832 1444 1475 1 31 15
442 457 1447 1468 1 21 15
469 472 1447 1466 1 19 3
499 505 1447 1467 1 20 6
718 754 1447 1468 1 21 36
646 667 1450 1467 1 17 21
430 433 1453 1467 1 14 3
514 523 1453 1468 1 15 9
529 544 1453 1474 1 21 15
760 769 1453 1468 1 15 9
1660 1666 1459 1465 1 6 6
1633 1645 1492 1497 1 5 12
349 424 1507 1577 1 70 75
418 583 1507 1578 1 71 165
661 670 1507 1525 1 18 9
760 862 1507 1577 1 70 102
697 706 1513 1526 1 13 9
577 595 1513 1527 1 14 18
610 619 1507 1526 1 19 9
1429 1939 1528 1670 1 142 510
634 643 1534 1551 1 17 9
748 1135 1534 2102 1 568 387
673 730 1537 1566 1 29 57
85 100 1540 1554 1 14 15
184 250 1540 1555 1 15 66
274 322 1540 1555 1 15 48
121 163 1540 1577 1 37 42
724 751 1558 1577 1 19 27
64 121 1564 1621 1 57 57
457 484 1564 1582 1 18 27
283 325 1570 1600 1 30 42
193 235 1567 1577 1 10 42
205 322 1585 1732 1 147 117
133 142 1612 1621 1 9 9
154 256 1612 1644 1 32 102
451 457 1615 1625 1 10 6
604 868 1615 2386 1 771 264
388 403 1618 1626 1 8 15
424 448 1618 1662 1 44 24
460 592 1615 1699 1 84 132
349 379 1615 1625 1 10 30
133 142 1633 1643 1 10 9
139 193 1633 1665 1 32 54
334 493 1636 1865 1 229 159
61 118 1651 1753 1 102 57
121 196 1672 1732 1 60 75
1942 1948 1687 1694 1 7 6
493 514 1708 1736 1 28 21
535 544 1711 1718 1 7 9
559 592 1711 1736 1 25 33
1411 1414 1717 1732 1 15 3
520 550 1729 1738 1 9 30
1642 1651 1732 1750 1 18 9
598 601 1738 1754 1 16 3
487 592 1762 1976 1 214 105
115 124 1780 1788 1 8 9
142 322 1780 1883 1 103 180
1777 1783 1792 1804 1 12 6
1600 1609 1798 1818 1 20 9
61 193 1798 1938 1 140 132
1648 1654 1813 1819 1 6 6
1672 1678 1813 1825 1 12 6
1882 1945 1792 1829 1 37 63
1411 1414 1840 1853 1 13 3
1213 1270 1849 1919 1 70 57
478 496 1855 1883 1 28 18
334 487 1858 1994 1 136 153
1420 1441 1867 1890 1 23 21
1489 1501 1867 1890 1 23 12
1534 1561 1867 1891 1 24 27
1585 1627 1867 1891 1 24 42
1144 1405 1870 2543 1 673 261
232 259 1873 1903 1 30 27
1462 1465 1873 1890 1 17 3
1507 1528 1873 1891 1 18 21
1912 1915 1873 1894 1 21 3
1921 1945 1873 1894 1 21 24
190 220 1876 1900 1 24 30
1450 1453 1876 1890 1 14 3
1666 1675 1876 1891 1 15 9
1765 1783 1876 1894 1 18 18
1789 1792 1876 1893 1 17 3
1708 1711 1879 1893 1 14 3
1720 1735 1879 1894 1 15 15
1741 1756 1879 1900 1 21 15
1798 1831 1879 1894 1 15 33
1861 1894 1879 1894 1 15 33
1954 2221 1882 2590 1 708 267
229 235 1894 1919 1 25 6
1441 1483 1903 1927 1 24 42
1576 1609 1903 1928 1 25 33
1498 1534 1906 1927 1 21 36
1546 1552 1906 1927 1 21 6
319 322 1909 1920 1 11 3
1726 1732 1909 1930 1 21 6
1765 1792 1909 1931 1 22 27
1807 1816 1909 1930 1 21 9
1825 1864 1909 1931 1 22 39
199 205 1912 1918 1 6 6
217 223 1912 1918 1 6 6
253 259 1912 1937 1 25 6
277 289 1912 1918 1 6 12
1489 1492 1912 1927 1 15 3
1615 1630 1912 1928 1 16 15
1798 1801 1912 1931 1 19 3
1870 1897 1912 1931 1 19 27
1636 1645 1915 1928 1 13 9
1738 1747 1915 1931 1 16 9
61 322 1924 2179 1 255 261
1576 1600 1951 1955 1 4 24
1765 1771 1954 1958 1 4 6
481 514 1951 1976 1 25 33
1441 1462 1969 2012 1 43 21
1489 1495 1969 1985 1 16 6
1516 1678 1969 2038 1 69 162
1693 1753 1972 1989 1 17 60
1771 1804 1972 2015 1 43 33
1849 1936 1972 2041 1 69 87
1840 1861 1975 1990 1 15 21
334 592 1987 2271 1 284 258
1453 1534 1999 2041 1 42 81
1681 1684 1999 2012 1 13 3
1714 1723 2002 2015 1 13 9
1729 1741 2002 2015 1 13 12
1816 1840 2023 2041 1 18 24
1750 1768 2026 2041 1 15 18
1777 1795 2026 2045 1 19 18
1897 1906 2029 2044 1 15 9
1411 1528 2074 2167 1 93 117
1516 1591 2074 2105 1 31 75
1600 1675 2077 2160 1 83 75
1690 1945 2077 2215 1 138 255
874 1135 2113 2458 1 345 261
1951 1981 2113 2155 1 42 30
1546 1621 2116 2160 1 44 75
1540 1564 2134 2141 1 7 24
1525 1555 2152 2161 1 9 30
91 130 2167 2200 1 33 39
1468 1498 2170 2177 1 7 30
1441 1462 2170 2195 1 25 21
1687 1945 2170 2545 1 375 258
466 592 2185 2308 1 123 126
1408 1675 2185 2569 1 384 267
58 247 2188 2512 1 324 189
232 256 2191 2203 1 12 24
253 313 2191 2293 1 102 60
316 322 2248 2257 1 9 6
337 343 2263 2288 1 25 6
358 445 2263 2326 1 63 87
424 475 2263 2363 1 100 51
316 322 2284 2294 1 10 6
337 358 2299 2325 1 26 21
256 271 2320 2331 1 11 15
283 298 2320 2349 1 29 15
310 316 2323 2331 1 8 6
223 250 2323 2350 1 27 27
478 592 2335 2384 1 49 114
361 370 2338 2344 1 6 9
385 412 2338 2381 1 43 27
274 277 2341 2349 1 8 3
334 358 2353 2363 1 10 24
364 373 2356 2362 1 6 9
343 349 2374 2381 1 7 6
412 421 2374 2381 1 7 9
445 451 2374 2381 1 7 6
463 469 2374 2382 1 8 6
292 304 2377 2386 1 9 12
367 382 2374 2381 1 7 15
250 262 2380 2386 1 6 12
277 283 2380 2386 1 6 6
316 322 2380 2387 1 7 6
424 442 2392 2415 1 23 18
574 586 2395 2416 1 21 12
607 685 2395 2416 1 21 78
256 316 2398 2461 1 63 60
343 349 2404 2414 1 10 6
493 499 2404 2415 1 11 6
514 565 2404 2416 1 12 51
694 712 2404 2416 1 12 18
766 772 2407 2417 1 10 6
784 838 2404 2417 1 13 54
847 853 2407 2417 1 10 6
355 415 2404 2415 1 11 60
451 484 2404 2416 1 12 33
721 757 2404 2419 1 15 36
937 982 2428 2471 1 43 45
814 826 2431 2435 1 4 12
334 343 2434 2440 1 6 9
397 457 2431 2437 1 6 60
496 514 2431 2442 1 11 18
349 364 2437 2440 1 3 15
685 697 2440 2443 1 3 12
877 883 2464 2473 1 9 6
889 904 2464 2471 1 7 15
919 934 2464 2471 1 7 15
817 838 2476 2494 1 18 21
562 568 2479 2487 1 8 6
655 664 2479 2494 1 15 9
877 1132 2479 2590 1 111 255
1948 1951 2479 2494 1 15 3
235 322 2485 2536 1 51 87
1144 1222 2512 2566 1 54 78
223 229 2524 2536 1 12 6
151 169 2524 2537 1 13 18
181 214 2524 2539 1 15 33
67 142 2527 2537 1 10 75
61 103 2551 2563 1 12 42
109 130 2551 2563 1 12 21
139 172 2551 2555 1 4 33
226 238 2551 2554 1 3 12
490 520 2551 2574 1 23 30
544 568 2551 2574 1 23 24
769 793 2551 2575 1 24 24
379 385 2554 2573 1 19 6
1234 1252 2554 2566 1 12 18
403 424 2557 2574 1 17 21
466 472 2557 2574 1 17 6
604 613 2557 2574 1 17 9
1306 1315 2557 2569 1 12 9
1390 1393 2557 2568 1 11 3
268 280 2560 2562 1 2 12
814 838 2560 2576 1 16 24
1693 1765 2557 2569 1 12 72
1801 1834 2560 2571 1 11 33
1864 1870 2560 2568 1 8 6
1879 1918 2560 2570 1 10 39
1927 1936 2560 2570 1 10 9
1261 1297 2554 2569 1 15 36
1771 1792 2557 2569 1 12 21
1324 1381 2557 2568 1 11 57
1843 1858 2560 2571 1 11 15
844 847 2569 2581 1 12 3
178 184 2575 2581 1 6 6
232 241 2575 2599 1 24 9
2119 2128 2581 2593 1 12 9
1546 1582 2584 2590 1 6 36
1870 1882 2584 2587 1 3 12
1927 1936 2584 2588 1 4 9
547 565 2587 2611 1 24 18
589 595 2587 2611 1 24 6
1606 1642 2584 2590 1 6 36
619 634 2590 2599 1 9 15
763 796 2590 2612 1 22 33
808 823 2590 2596 1 6 15
2074 2110 2581 2593 1 12 36
286 292 2593 2604 1 11 6
388 439 2593 2616 1 23 51
1441 1459 2593 2594 1 1 18
877 907 2602 2608 1 6 30
1096 1132 2605 2612 1 7 36
1981 1996 2605 2611 1 6 15
1429 1483 2608 2614 1 6 54
163 184 2611 2637 1 26 21
1009 1075 2605 2614 1 9 66
1552 1588 2608 2614 1 6 36
1705 1729 2611 2615 1 4 24
2128 2155 2611 2617 1 6 27
868 871 2617 2638 1 21 3
127 136 2620 2637 1 17 9
895 916 2626 2650 1 24 21
1954 1975 2626 2648 1 22 21
1981 1993 2629 2635 1 6 12
1999 2008 2629 2635 1 6 9
2014 2044 2629 2636 1 7 30
2050 2065 2629 2636 1 7 15
2179 2215 2629 2654 1 25 36
1459 1468 2632 2640 1 8 9
1756 1762 2632 2640 1 8 6
1843 1849 2632 2641 1 9 6
2071 2080 2632 2636 1 4 9
2095 2104 2632 2638 1 6 9
2113 2125 2632 2637 1 5 12
2134 2143 2632 2637 1 5 9
2152 2173 2632 2638 1 6 21
1039 1060 2635 2652 1 17 21
652 865 2593 2832 1 239 213
205 238 2647 2674 1 27 33
1894 1903 2647 2680 1 33 9
148 181 2650 2674 1 24 33
277 292 2650 2674 1 24 15
334 592 2650 3031 1 381 258
1135 1138 2650 2674 1 24 3
595 862 2650 3091 1 441 267
2017 2026 2656 2671 1 15 9
2032 2041 2656 2672 1 16 9
2071 2152 2656 2676 1 20 81
955 958 2662 2669 1 7 3
1012 1039 2662 2725 1 63 27
970 979 2671 2688 1 17 9
1945 1948 2674 2715 1 41 3
1051 1096 2674 2689 1 15 45
1546 1555 2683 2725 1 42 9
1954 1960 2683 2885 1 202 6
217 229 2689 2692 1 3 12
2074 2092 2689 2699 1 10 18
901 910 2698 2724 1 26 9
58 322 2707 3090 1 383 264
2095 2107 2710 2727 1 17 12
2119 2125 2710 2727 1 17 6
958 967 2710 2725 1 15 9
997 1003 2719 2730 1 11 6
2146 2155 2710 2728 1 18 9
1024 1036 2740 2743 1 3 12
1411 1465 2743 2747 1 4 54
1615 1645 2740 2746 1 6 30
1975 1984 2743 2749 1 6 9
1246 1258 2743 2747 1 4 12
1525 1546 2743 2747 1 4 21
1678 1702 2743 2747 1 4 24
1993 2023 2743 2749 1 6 30
877 1048 2758 3093 1 335 171
997 1132 2758 2846 1 88 135
1144 1258 2758 2901 1 143 114
1255 1288 2761 2827 1 66 33
1450 1453 2761 2772 1 11 3
1492 1549 2761 2810 1 49 57
1600 1678 2761 2847 1 86 78
1684 1774 2761 2935 1 174 90
2155 2191 2761 3072 1 311 36
1288 1294 2764 2770 1 6 6
1393 1402 2764 2770 1 6 9
1414 1435 2764 2791 1 27 21
1450 1492 2764 2830 1 66 42
1543 1570 2764 2810 1 46 27
1798 1816 2764 2807 1 43 18
1837 1843 2764 2772 1 8 6
1843 1861 2764 2808 1 44 18
1867 1936 2764 2809 1 45 69
1579 1585 2779 2809 1 30 6
1387 1393 2782 2789 1 7 6
1771 1786 2782 2809 1 27 15
1432 1441 2782 2788 1 6 9
1969 2128 2779 3070 1 291 159
1288 1294 2800 2808 1 8 6
1423 1426 2800 2809 1 9 3
1825 1831 2800 2808 1 8 6
1435 1441 2803 2809 1 6 6
1300 1354 2818 2845 1 27 54
1381 1387 2818 2824 1 6 6
1414 1459 2821 2884 1 63 45
1525 1537 2821 2847 1 26 12
1546 1552 2821 2827 1 6 6
1573 1582 2821 2827 1 6 9
868 871 2827 2852 1 25 3
1819 1840 2833 2881 1 48 21
1846 1894 2833 2899 1 66 48
1897 1936 2836 2901 1 65 39
1264 1282 2839 2860 1 21 18
1381 1402 2839 2863 1 24 21
1456 1462 2839 2845 1 6 6
1468 1474 2839 2846 1 7 6
1510 1525 2839 2846 1 7 15
1552 1561 2839 2846 1 7 9
1573 1579 2839 2846 1 7 6
1585 1594 2839 2846 1 7 9
1291 1294 2854 2863 1 9 3
1486 1498 2857 2867 1 10 12
1756 1780 2857 2881 1 24 24
1786 1792 2857 2863 1 6 6
1816 1822 2857 2862 1 5 6
1048 1138 2872 2996 1 124 90
1552 1567 2872 2883 1 11 15
1315 1321 2875 2881 1 6 6
1327 1333 2875 2881 1 6 6
1579 1669 2872 2997 1 125 90
1675 1678 2881 2900 1 19 3
1264 1270 2893 2900 1 7 6
1810 1816 2893 2899 1 6 6
1414 1420 2896 2903 1 7 6
1426 1432 2896 2902 1 6 6
1516 1531 2896 2902 1 6 15
1552 1558 2896 2902 1 6 6
868 871 2902 2914 1 12 3
1951 1957 2905 2968 1 63 6
1540 1570 2914 2958 1 44 30
1885 1891 2923 2929 1 6 6
1891 1930 2923 2953 1 30 39
1210 1237 2926 2938 1 12 27
1246 1258 2926 2937 1 11 12
1270 1330 2926 2937 1 11 60
1339 1342 2926 2937 1 11 3
1351 1360 2926 2937 1 11 9
1819 1825 2926 2934 1 8 6
1855 1858 2926 2935 1 9 3
1930 1936 2926 2935 1 9 6
1180 1201 2926 2937 1 11 21
1414 1438 2929 2941 1 12 24
1507 1519 2929 2940 1 11 12
1867 1879 2926 2934 1 8 12
2206 2209 2929 2945 1 16 3
1786 1819 2944 2954 1 10 33
1144 1219 2947 3052 1 105 75
1762 1768 2947 2953 1 6 6
1840 1846 2947 2953 1 6 6
1867 1873 2947 2953 1 6 6
1279 1282 2950 2960 1 10 3
1459 1465 2950 2958 1 8 6
1732 1741 2947 2953 1 6 9
1228 1249 2953 3013 1 60 21
1315 1330 2953 2959 1 6 15
1393 1399 2953 2959 1 6 6
1690 1696 2965 2971 1 6 6
1732 1741 2965 2972 1 7 9
1774 1780 2965 2971 1 6 6
1798 1804 2965 2972 1 7 6
1828 1834 2965 2971 1 6 6
1840 1846 2965 2971 1 6 6
1876 1918 2965 2990 1 25 42
1360 1363 2968 2977 1 9 3
1060 1072 2971 3015 1 44 12
1276 1282 2971 2977 1 6 6
1345 1351 2971 2977 1 6 6
1369 1393 2971 3016 1 45 24
1501 1507 2971 2977 1 6 6
1759 1765 2980 2986 1 6 6
2203 2209 2980 2989 1 9 6
1696 1702 2983 2991 1 8 6
1810 1816 2983 2989 1 6 6
1834 1840 2983 2989 1 6 6
1864 1870 2983 2990 1 7 6
1252 1264 2989 3034 1 45 12
1339 1357 2989 3015 1 26 18
1501 1507 2989 2997 1 8 6
1543 1549 2989 2996 1 7 6
1576 1585 2989 2996 1 7 9
1744 1750 2998 3007 1 9 6
1768 1864 3001 3067 1 66 96
1861 1885 3001 3037 1 36 24
1912 1918 3001 3008 1 7 6
1465 1471 3004 3014 1 10 6
1072 1078 3007 3014 1 7 6
1099 1126 3007 3015 1 8 27
1273 1279 3007 3014 1 7 6
1276 1309 3007 3034 1 27 33
1315 1342 3007 3053 1 46 27
1417 1423 3007 3014 1 7 6
1951 1954 3007 3056 1 49 3
331 559 3019 3091 1 72 228
532 589 3022 3088 1 66 57
1240 1246 3025 3033 1 8 6
1411 1645 3025 3097 1 72 234
1219 1225 3028 3034 1 6 6
1348 1378 3028 3052 1 24 30
1387 1393 3028 3035 1 7 6
1642 1669 3028 3079 1 51 27
1765 1771 3028 3064 1 36 6
1876 1900 3028 3066 1 38 24
1912 1936 3028 3067 1 39 24
1024 1111 3043 3074 1 31 87
1723 1729 3043 3052 1 9 6
1120 1132 3046 3072 1 26 12
1144 1252 3046 3096 1 50 108
1255 1261 3046 3053 1 7 6
1273 1309 3046 3053 1 7 36
1381 1387 3046 3054 1 8 6
1393 1399 3046 3053 1 7 6
583 598 3079 3091 1 12 15
1267 1306 3082 3095 1 13 39
1690 1759 3082 3095 1 13 69
1840 1852 3082 3096 1 14 12
1921 1930 3082 3094 1 12 9
1 10 3085 3105 1 20 9
868 871 3085 3094 1 9 3
1384 1399 3079 3092 1 13 15
1858 1912 3082 3095 1 13 54
1318 1375 3079 3094 1 15 57
1672 1678 3091 3099 1 8 6
1768 1789 3082 3094 1 12 21
1795 1831 3082 3096 1 14 36
1567 1576 3124 3133 1 9 9
2062 2068 3127 3132 1 5 6
