19 280 55 64 7 9 261
19 28 55 145 6 90 9
19 280 142 151 7 9 261
274 280 64 151 6 87 6
1882 2167 58 68 7 10 285
1882 1891 61 160 6 99 9
1882 2167 151 161 7 10 285
2164 2170 58 157 6 99 6
1345 1366 469 474 7 5 21
1363 1366 1069 1072 7 3 3
1363 1366 475 1072 6 597 3
1369 1897 484 496 7 12 528
1372 1381 484 562 6 78 9
1372 1897 553 564 7 11 525
1885 1897 484 562 6 78 12
283 295 2401 2413 7 12 12
283 295 2401 2590 6 189 12
283 400 2581 2590 7 9 117
394 400 2581 2584 6 3 6
1588 1891 2557 2567 7 10 303
1588 1594 2560 2564 6 4 6
1855 1888 2689 2701 7 12 33
1879 1891 2557 2701 6 144 12
1093 1096 241 556 6 315 3
277 289 466 739 6 273 12
1894 1906 466 556 6 90 12
823 826 493 613 6 120 3
1900 1906 559 1018 6 459 6
553 556 718 889 6 171 3
1093 1096 790 952 6 162 3
283 286 802 889 6 87 3
823 826 916 983 6 67 3
823 826 985 1120 6 135 3
550 553 1063 1090 6 27 3
1093 1096 1066 1169 6 103 3
280 283 1111 1138 6 27 3
823 826 1123 1360 6 237 3
1903 1909 1150 1759 6 609 6
280 283 1183 1211 6 28 3
397 403 1192 1233 6 41 6
1093 1096 1195 1232 6 37 3
1363 1366 1282 1603 6 321 3
1090 1093 1576 1814 6 238 3
820 823 1594 1623 6 29 3
820 823 1627 1824 6 197 3
1633 1636 1657 1759 6 102 3
820 823 1903 1956 6 53 3
547 550 1942 1973 6 31 3
1090 1093 1963 2089 6 126 3
820 823 1975 2099 6 124 3
547 550 2008 2105 6 97 3
1360 1363 2032 2108 6 76 3
1900 1903 2068 2364 6 296 3
1360 1363 2119 2168 6 49 3
1630 1633 2203 2252 6 49 3
1087 1090 2317 2500 6 183 3
1630 1633 2317 2349 6 32 3
277 280 2377 2433 6 56 3
277 280 2437 2617 6 180 3
1897 1900 2470 2590 6 120 3
1087 1090 2527 2629 6 102 3
817 820 2533 2565 6 32 3
1906 1909 2629 2660 6 31 3
2158 2161 2635 2753 6 118 3
1894 1897 2668 2706 6 38 3
817 820 2704 2802 6 98 3
2155 2161 2755 2906 6 151 6
544 547 2779 2857 6 78 3
2152 2158 2944 3029 6 85 6
817 820 3016 3044 6 28 3
1633 1696 166 174 7 8 63
19 1180 160 173 7 13 1161
1225 1306 166 173 7 7 81
1882 1987 166 175 7 9 105
2080 2167 163 172 7 9 87
1342 1555 166 174 7 8 213
1990 2077 166 173 7 7 87
694 976 217 223 7 6 282
1021 1081 217 223 7 6 60
1084 1180 217 223 7 6 96
1303 1381 217 223 7 6 78
1870 1924 217 223 7 6 54
217 277 223 226 7 3 60
778 823 226 228 7 2 45
838 1099 226 229 7 3 261
1192 1219 226 229 7 3 27
1222 1318 226 230 7 4 96
1882 1927 226 230 7 4 45
1930 2164 217 230 7 13 234
1339 1579 217 230 7 13 240
1753 1780 229 230 7 1 27
898 955 466 470 7 4 57
1102 1150 466 470 7 4 48
1822 1891 466 474 7 8 69
94 202 466 471 7 5 108
292 889 466 473 7 7 597
1048 1090 466 470 7 4 42
1234 1342 469 474 7 5 108
1057 1084 472 474 7 2 27
1369 1408 469 475 7 6 39
1411 1747 469 476 7 7 336
1984 2092 469 473 7 4 108
97 205 553 558 7 5 108
1987 2095 553 559 7 6 108
907 1015 556 560 7 4 108
1177 1282 556 561 7 5 105
1987 2095 634 641 7 7 108
94 205 634 640 7 6 111
910 1015 637 642 7 5 105
1177 1285 637 643 7 6 108
466 583 697 699 7 2 117
607 673 697 700 7 3 66
907 1015 742 748 7 6 108
1987 2098 742 747 7 5 111
94 202 742 747 7 5 108
1177 1285 745 750 7 5 108
934 988 850 855 7 5 54
121 175 850 854 7 4 54
2014 2068 850 855 7 5 54
1201 1255 853 858 7 5 54
529 580 1171 1172 7 1 51
610 817 1171 1177 7 6 207
685 715 1180 1181 7 1 30
364 466 1249 1256 7 7 102
634 742 1252 1256 7 4 108
367 472 1333 1338 7 5 105
634 739 1333 1338 7 5 105
364 469 1441 1445 7 4 105
634 742 1441 1445 7 4 108
661 715 1546 1551 7 5 54
391 442 1546 1551 7 5 51
1444 1552 1714 1717 7 3 108
1714 1822 1714 1720 7 6 108
109 175 1717 1720 7 3 66
1444 1552 1795 1798 7 3 108
1717 1822 1795 1801 7 6 105
1444 1552 1900 1905 7 5 108
1714 1819 1903 1908 7 5 105
1471 1525 2008 2011 7 3 54
1741 1795 2011 2015 7 4 54
511 541 2344 2348 7 4 30
556 640 2344 2349 7 5 84
643 694 2344 2349 7 5 51
697 757 2344 2348 7 4 60
355 388 2380 2383 7 3 33
463 490 2380 2384 7 4 27
493 625 2383 2384 7 1 132
337 421 2389 2391 7 2 84
484 760 2383 2393 7 10 276
298 778 2404 2413 7 9 480
118 268 2467 2472 7 5 150
427 535 2485 2487 7 2 108
538 580 2485 2487 7 2 42
616 670 2485 2487 7 2 54
232 271 2500 2504 7 4 39
1192 1240 2497 2502 7 5 48
115 154 2503 2504 7 1 39
88 154 2503 2512 7 9 66
217 271 2506 2512 7 6 54
826 916 2518 2523 7 5 90
1045 1081 2521 2525 7 4 36
1969 2023 2521 2526 7 5 54
1348 1435 2533 2537 7 4 87
1459 1492 2533 2536 7 3 33
1609 1663 2533 2536 7 3 54
1333 1363 2542 2544 7 2 30
862 913 2551 2555 7 4 51
841 925 2557 2563 7 6 84
1927 2167 2554 2567 7 13 240
985 1012 2563 2564 7 1 27
403 790 2581 2589 7 8 387
103 163 2638 2642 7 4 60
952 979 2689 2693 7 4 27
1312 1543 2692 2698 7 6 231
1546 1756 2692 2698 7 6 210
1783 1828 2692 2698 7 6 45
1942 1978 2698 2699 7 1 36
568 724 3019 3024 7 5 156
772 811 3019 3025 7 6 39
