70 328 106 115 7 9 258
70 76 112 199 6 87 6
70 328 193 202 7 9 258
325 331 115 199 6 84 6
802 865 2455 2467 7 12 63
805 808 2458 2461 6 3 3
856 859 2581 2590 7 9 3
853 862 2464 2590 6 126 9
1786 1942 2611 2620 7 9 156
1786 1792 2611 2615 6 4 6
1933 1936 2671 2680 7 9 3
1930 1939 2608 2680 6 72 9
334 793 2452 2463 7 11 459
334 343 2464 2638 6 174 9
334 745 2629 2640 7 11 411
790 799 2458 2463 6 5 9
1144 1150 2620 2623 7 3 6
1144 1150 2617 2746 6 129 6
1141 1243 2737 2748 7 11 102
1141 1147 295 827 6 532 6
16 22 481 577 6 96 6
874 877 529 712 6 183 3
1414 1417 529 820 6 291 3
253 259 532 583 6 51 6
2023 2029 535 585 6 50 6
2173 2179 535 585 6 50 6
1951 1954 544 808 6 264 3
1144 1147 829 946 6 117 3
1414 1417 850 1624 6 774 3
874 877 853 1033 6 180 3
331 334 898 956 6 58 3
1951 1954 901 937 6 36 3
601 604 913 940 6 27 3
601 604 943 1037 6 94 3
331 334 958 992 6 34 3
1 4 1009 1156 6 147 3
1954 1957 1024 1288 6 264 3
331 334 1072 1105 6 33 3
601 604 1075 1111 6 36 3
601 604 1114 1153 6 39 3
601 604 1234 1336 6 102 3
448 454 1240 1283 6 43 6
1954 1957 1321 1348 6 27 3
1954 1957 1375 1561 6 186 3
1 4 1408 1439 6 31 3
1141 1144 1420 1864 6 444 3
871 874 1429 1673 6 244 3
1 4 1507 1539 6 32 3
1957 1960 1582 1627 6 45 3
1951 1957 1630 1801 6 171 6
1 4 1633 1666 6 33 3
1411 1414 1639 1715 6 76 3
1615 1621 1702 1745 6 43 6
1777 1783 1705 1746 6 41 6
1411 1414 1735 1762 6 27 3
328 331 1756 1787 6 31 3
1411 1414 1780 1825 6 45 3
1 13 1879 3076 6 1197 12
1951 1954 1894 1921 6 27 3
1951 1954 1957 2119 6 162 3
1681 1684 2014 2059 6 45 3
1951 1954 2248 2281 6 33 3
1138 1141 2293 2527 6 234 3
868 871 2296 2615 6 319 3
1408 1411 2329 2369 6 40 3
1408 1411 2470 2531 6 61 3
1948 1951 2506 2584 6 78 3
1135 1138 2593 2647 6 54 3
1957 1960 2650 2681 6 31 3
595 598 2653 2828 6 175 3
2206 2212 2656 2763 6 107 6
1933 1936 2683 2738 6 55 3
2206 2212 2767 2927 6 160 6
1135 1138 2782 2837 6 55 3
1135 1138 2839 2896 6 57 3
1675 1678 2839 2872 6 33 3
2206 2209 2947 2978 6 31 3
70 571 211 221 7 10 501
574 1231 214 223 7 9 657
1273 1369 217 223 7 6 96
1399 1615 217 224 7 7 216
2023 2218 214 223 7 9 195
1657 1750 217 224 7 7 93
1927 1993 217 225 7 8 66
1096 1141 517 524 7 7 45
1150 1207 517 523 7 6 57
1321 1420 517 521 7 4 99
142 253 514 521 7 7 111
703 937 517 523 7 6 234
946 1048 517 523 7 6 102
1723 1765 520 525 7 5 42
1756 1786 520 521 7 1 30
1780 1822 520 525 7 5 42
2035 2143 517 523 7 6 108
1306 1357 523 524 7 1 51
1462 1720 520 526 7 6 258
145 253 601 608 7 7 108
958 1063 604 610 7 6 105
2035 2143 604 609 7 5 108
1228 1333 604 611 7 7 105
145 253 685 690 7 5 108
958 1066 688 692 7 4 108
2038 2146 685 691 7 6 108
1228 1333 688 693 7 5 105
520 550 745 748 7 3 30
553 721 745 750 7 5 168
145 253 793 797 7 4 108
958 1066 793 798 7 5 108
2038 2146 793 797 7 4 108
1228 1333 796 800 7 4 105
172 226 901 904 7 3 54
985 1036 901 905 7 4 51
1252 1306 901 908 7 7 54
2065 2119 901 905 7 4 54
604 631 1219 1222 7 3 27
661 868 1219 1231 7 12 207
415 517 1300 1306 7 6 102
685 793 1300 1306 7 6 108
415 520 1384 1388 7 4 105
682 790 1381 1387 7 6 108
415 520 1489 1495 7 6 105
685 790 1489 1495 7 6 105
712 763 1597 1601 7 4 51
442 490 1597 1601 7 4 48
160 226 1765 1770 7 5 66
1495 1603 1762 1767 7 5 108
1765 1873 1765 1770 7 5 108
1495 1603 1843 1849 7 6 108
1765 1873 1846 1851 7 5 108
1495 1573 1951 1954 7 3 78
1777 1870 1954 1958 7 4 93
1522 1576 2056 2061 7 5 54
1792 1846 2059 2065 7 6 54
811 865 2395 2399 7 4 54
517 613 2431 2438 7 7 96
616 664 2431 2434 7 3 48
667 703 2431 2435 7 4 36
736 805 2431 2435 7 4 69
829 862 2431 2435 7 4 33
619 676 2437 2438 7 1 57
769 817 2437 2443 7 6 48
382 418 2440 2441 7 1 36
421 463 2440 2441 7 1 42
523 553 2440 2442 7 2 30
556 682 2440 2443 7 3 126
700 766 2440 2443 7 3 66
823 862 2437 2443 7 6 39
61 190 2518 2524 7 6 129
193 229 2518 2522 7 4 36
478 718 2533 2537 7 4 240
175 202 2551 2554 7 3 27
265 322 2551 2558 7 7 57
1273 1309 2548 2552 7 4 36
1312 1345 2548 2553 7 5 33
1357 1402 2548 2554 7 6 45
76 103 2560 2563 7 3 27
139 211 2560 2563 7 3 72
283 322 2560 2562 7 2 39
940 1009 2569 2574 7 5 69
1012 1057 2569 2574 7 5 45
1096 1123 2572 2575 7 3 27
2047 2215 2572 2578 7 6 168
1645 1711 2584 2591 7 7 66
1147 1543 2581 2594 7 13 396
922 961 2602 2605 7 3 39
1024 1054 2605 2606 7 1 30
1999 2074 2605 2612 7 7 75
2068 2215 2605 2609 7 4 147
877 907 2611 2613 7 2 30
913 964 2611 2613 7 2 51
1144 1345 2602 2615 7 13 201
1486 1549 2608 2615 7 7 63
1591 1702 2608 2614 7 6 111
2056 2104 2611 2617 7 6 48
1096 1129 2614 2615 7 1 33
1348 1426 2608 2616 7 8 78
1738 1783 2611 2615 7 4 45
1999 2032 2614 2616 7 2 33
2158 2215 2611 2617 7 6 57
748 826 2632 2638 7 6 78
154 202 2689 2692 7 3 48
964 991 2740 2743 7 3 27
1261 1408 2743 2748 7 5 147
1468 1522 2743 2747 7 4 54
1549 1603 2740 2747 7 7 54
1648 1675 2743 2747 7 4 27
1705 1939 2740 2751 7 11 234
727 772 3070 3074 7 4 45
775 835 3070 3075 7 5 60
