22 34 28 89 2 61 12
1171 1237 115 188 2 73 66
100 130 121 154 2 33 30
142 163 121 154 2 33 21
226 259 121 155 2 34 33
2026 2116 121 144 2 23 90
1993 2023 121 144 2 23 30
178 211 121 154 2 33 33
1945 1993 121 145 2 24 48
274 301 121 155 2 34 27
2158 2206 139 167 2 28 48
949 1018 115 188 2 73 69
1402 1474 115 189 2 74 72
100 121 163 190 2 27 21
130 157 163 190 2 27 27
163 178 163 190 2 27 15
220 232 163 190 2 27 12
241 268 163 191 2 28 27
1024 1099 115 189 2 74 75
184 211 163 190 2 27 27
25 37 118 181 2 63 12
274 301 163 191 2 28 27
370 433 112 185 2 73 63
529 595 112 187 2 75 66
442 523 112 186 2 74 81
652 712 112 187 2 75 60
721 757 115 187 2 72 36
766 835 115 187 2 72 69
841 898 115 189 2 74 57
1243 1282 115 188 2 73 39
1321 1390 112 188 2 76 69
1828 1903 118 191 2 73 75
907 943 115 188 2 73 36
1477 1546 115 195 2 80 69
1621 1657 118 190 2 72 36
1669 1744 118 190 2 72 75
1747 1819 115 190 2 75 72
1969 2047 172 197 2 25 78
2053 2158 154 197 2 43 105
2158 2182 154 195 2 41 24
70 331 106 202 2 96 261
91 106 229 247 2 18 15
166 181 229 247 2 18 15
217 232 229 248 2 19 15
280 301 229 249 2 20 21
904 919 232 251 2 19 15
922 937 232 252 2 20 15
955 973 232 252 2 20 18
976 991 232 251 2 19 15
1057 1072 232 252 2 20 15
1153 1168 232 252 2 20 15
1078 1093 235 252 2 17 15
1096 1111 235 252 2 17 15
1132 1147 235 253 2 18 15
1333 1345 235 253 2 18 12
1351 1363 235 253 2 18 12
1369 1381 235 253 2 18 12
1387 1399 235 253 2 18 12
1768 1780 235 254 2 19 12
262 277 229 248 2 19 15
433 448 232 250 2 18 15
997 1012 232 252 2 20 15
1033 1054 232 252 2 20 21
1252 1267 232 252 2 20 15
1855 1882 235 255 2 20 27
109 145 229 247 2 18 36
1837 1852 235 254 2 19 15
184 214 229 248 2 19 30
322 415 229 250 2 21 93
418 433 232 249 2 17 15
1699 1765 235 254 2 19 66
1213 1231 232 252 2 20 18
1234 1249 235 252 2 17 15
1288 1309 235 256 2 21 21
1915 1975 235 258 2 23 60
1978 2008 238 256 2 18 30
2062 2110 235 256 2 21 48
2122 2218 232 254 2 22 96
1804 1834 235 254 2 19 30
205 223 292 310 2 18 18
688 748 289 380 2 91 60
1642 1660 298 315 2 17 18
1876 1891 298 315 2 17 15
115 157 322 375 2 53 42
640 670 325 378 2 53 30
523 553 304 378 2 74 30
835 880 325 378 2 53 45
1471 1510 328 381 2 53 39
1735 1768 328 381 2 53 33
1873 1894 328 380 2 52 21
751 796 325 400 2 75 45
1423 1471 292 380 2 88 48
1894 1939 289 380 2 91 45
1018 1057 325 379 2 54 39
1510 1549 328 381 2 53 39
895 979 289 379 2 90 84
1789 1873 292 381 2 89 84
157 226 322 376 2 54 69
70 112 286 376 2 90 42
226 265 322 376 2 54 39
265 292 304 376 2 72 27
445 523 325 378 2 53 78
556 637 325 378 2 53 81
799 835 325 379 2 54 36
2026 2107 289 379 2 90 81
307 445 286 377 2 91 138
979 1018 325 380 2 55 39
1312 1396 289 380 2 91 84
1663 1735 328 381 2 53 72
1939 2023 325 380 2 55 84
1150 1312 289 381 2 92 162
1570 1663 292 380 2 88 93
277 295 400 489 2 89 18
2035 2056 403 491 2 88 21
1771 1792 406 494 2 88 21
1234 1285 406 493 2 87 51
1933 1948 409 427 2 18 15
481 523 439 491 2 52 42
880 922 439 493 2 54 42
229 274 436 489 2 53 45
1954 2035 439 513 2 74 81
1354 1411 406 494 2 88 57
1567 1627 406 495 2 89 60
172 229 400 490 2 90 57
298 337 436 490 2 54 39
1003 1108 403 494 2 91 105
337 400 436 491 2 55 63
439 481 403 492 2 89 42
658 766 439 492 2 53 108
805 847 403 493 2 90 42
847 877 421 492 2 71 30
1108 1138 421 493 2 72 30
1792 1843 442 511 2 69 51
2146 2218 439 492 2 53 72
1411 1453 439 494 2 55 42
1627 1771 442 495 2 53 144
1867 1951 403 493 2 90 84
2056 2146 439 492 2 53 90
922 967 439 513 2 74 45
1288 1333 442 514 2 72 45
1456 1543 442 515 2 73 87
232 250 532 583 2 51 18
418 445 535 586 2 51 27
637 649 535 586 2 51 12
706 736 535 587 2 52 30
1201 1222 535 586 2 51 21
1372 1390 535 587 2 52 18
2152 2170 535 585 2 50 18
2182 2200 535 586 2 51 18
652 667 535 586 2 51 15
94 133 529 583 2 54 39
448 463 544 586 2 42 15
580 616 535 586 2 51 36
373 385 553 585 2 32 12
1078 1099 535 587 2 52 21
466 493 556 586 2 30 27
496 508 556 586 2 30 12
622 634 556 586 2 30 12
670 691 556 587 2 31 21
739 763 556 588 2 32 24
1978 2020 535 586 2 51 42
2110 2149 535 585 2 50 39
388 415 556 598 2 42 27
511 538 556 586 2 30 27
544 568 556 598 2 42 24
769 796 556 600 2 44 27
1582 1603 559 593 2 34 21
1657 1681 559 594 2 35 24
1681 1705 559 593 2 34 24
1771 1792 559 593 2 34 21
1828 1849 559 594 2 35 21
1849 1870 559 593 2 34 21
1498 1531 559 594 2 35 33
136 175 532 584 2 52 39
190 229 532 583 2 51 39
262 301 532 584 2 52 39
1555 1579 559 594 2 35 24
1639 1657 559 594 2 35 18
1723 1747 559 593 2 34 24
2032 2095 535 586 2 51 63
340 370 535 586 2 51 30
1159 1201 535 587 2 52 42
1225 1294 535 588 2 53 69
1309 1369 535 588 2 53 60
922 1003 535 586 2 51 81
1006 1075 535 586 2 51 69
1531 1555 559 595 2 36 24
1603 1621 559 594 2 35 18
1750 1768 559 594 2 35 18
1810 1825 559 594 2 35 15
541 568 604 656 2 52 27
568 595 604 656 2 52 27
517 541 625 656 2 31 24
730 742 625 656 2 31 12
118 136 628 659 2 31 18
766 796 616 657 2 41 30
67 88 628 659 2 31 21
799 835 625 657 2 32 36
970 991 631 661 2 30 21
1048 1066 631 662 2 31 18
1090 1108 631 661 2 30 18
1153 1174 631 662 2 31 21
1195 1210 631 662 2 31 15
1960 1981 631 661 2 30 21
2032 2047 631 661 2 30 15
2068 2086 631 660 2 29 18
256 271 628 660 2 32 15
1291 1309 634 663 2 29 18
301 313 637 660 2 23 12
694 730 604 657 2 53 36
1258 1270 634 662 2 28 12
2206 2221 637 661 2 24 15
139 154 637 666 2 29 15
157 172 637 666 2 29 15
283 298 628 660 2 32 15
316 328 637 660 2 23 12
925 940 640 661 2 21 15
943 958 640 662 2 22 15
1177 1192 640 662 2 22 15
1330 1366 634 663 2 29 36
175 202 637 659 2 22 27
409 466 604 656 2 52 57
484 514 604 656 2 52 30
991 1036 640 662 2 22 45
373 406 604 656 2 52 33
640 676 604 656 2 52 36
745 766 625 657 2 32 21
1981 2029 637 661 2 24 48
91 106 637 659 2 22 15
217 244 631 659 2 28 27
2176 2203 631 667 2 36 27
883 898 631 661 2 30 15
901 913 640 661 2 21 12
2125 2158 631 660 2 29 33
2161 2176 637 661 2 24 15
595 622 625 668 2 43 27
1222 1237 634 662 2 28 15
1378 1402 634 663 2 29 24
2086 2104 640 667 2 27 18
598 628 673 725 2 52 30
766 784 685 726 2 41 18
478 511 673 725 2 52 33
538 562 694 725 2 31 24
631 652 694 726 2 32 21
784 808 694 726 2 32 24
406 460 673 726 2 53 54
562 577 682 725 2 43 15
655 673 694 725 2 31 18
676 700 694 725 2 31 24
811 871 694 725 2 31 60
1624 1645 709 763 2 54 21
2140 2155 709 733 2 24 15
886 898 712 734 2 22 12
1396 1408 712 736 2 24 12
1963 1984 709 735 2 26 21
2068 2095 709 733 2 24 27
127 139 715 732 2 17 12
223 235 715 733 2 18 12
295 307 715 739 2 24 12
2197 2209 715 733 2 18 12
70 94 709 733 2 24 24
106 124 709 732 2 23 18
139 160 715 732 2 17 21
514 535 694 725 2 31 21
1036 1048 718 735 2 17 12
1060 1072 718 735 2 17 12
1204 1216 718 735 2 17 12
196 214 709 732 2 23 18
703 724 694 726 2 32 21
739 763 673 726 2 53 24
979 994 712 734 2 22 15
1093 1105 718 741 2 23 12
1114 1126 718 734 2 16 12
1126 1141 718 741 2 23 15
2023 2038 709 734 2 25 15
1609 1624 727 744 2 17 15
1021 1033 712 734 2 22 12
106 121 745 769 2 24 15
178 190 745 770 2 25 12
193 205 745 769 2 24 12
2176 2188 745 770 2 25 12
247 262 745 769 2 24 15
898 910 748 771 2 23 12
997 1012 748 771 2 23 15
1333 1345 748 773 2 25 12
1984 1996 748 771 2 23 12
2092 2104 748 770 2 22 12
85 97 751 769 2 18 12
955 967 754 771 2 17 12
2107 2119 754 770 2 16 12
1063 1081 754 772 2 18 18
1672 1723 745 780 2 35 51
1015 1036 754 771 2 17 21
2014 2035 748 771 2 23 21
1345 1369 748 773 2 25 24
70 82 808 829 2 21 12
235 247 811 829 2 18 12
970 982 811 829 2 18 12
1003 1015 811 830 2 19 12
1036 1048 811 829 2 18 12
1063 1075 811 830 2 19 12
2026 2038 811 829 2 18 12
2197 2224 811 829 2 18 27
1216 1228 814 831 2 17 12
166 184 814 833 2 19 18
280 295 811 829 2 18 15
1087 1102 814 830 2 16 15
1258 1276 814 831 2 17 18
1369 1393 814 832 2 18 24
133 163 811 833 2 22 30
1180 1192 817 835 2 18 12
1396 1411 814 832 2 18 15
1960 1996 811 830 2 19 36
2116 2185 811 833 2 22 69
892 925 811 830 2 19 33
1153 1171 811 831 2 20 18
73 85 835 855 2 20 12
2179 2191 835 855 2 20 12
976 988 838 855 2 17 12
1012 1033 838 855 2 17 21
1075 1087 838 856 2 18 12
1165 1177 838 856 2 18 12
1195 1207 838 856 2 18 12
1270 1282 838 857 2 19 12
2059 2071 838 855 2 17 12
2086 2098 838 855 2 17 12
898 925 838 856 2 18 27
1096 1114 838 859 2 21 18
1978 2002 838 856 2 18 24
2014 2035 835 855 2 20 21
304 325 841 859 2 18 21
127 142 835 855 2 20 15
181 235 835 855 2 20 54
2113 2155 835 855 2 20 42
1297 1333 841 858 2 17 36
1369 1393 838 858 2 20 24
121 133 862 881 2 19 12
1252 1273 865 883 2 18 21
2074 2101 862 882 2 20 27
931 958 862 881 2 19 27
967 991 862 881 2 19 24
1009 1024 865 882 2 17 15
1036 1063 862 881 2 19 27
1198 1225 865 883 2 18 27
1993 2017 862 881 2 19 24
2164 2179 862 881 2 19 15
259 280 862 880 2 18 21
1276 1300 868 884 2 16 24
2029 2056 862 881 2 19 27
94 112 862 881 2 19 18
184 226 862 881 2 19 42
1309 1354 865 884 2 19 45
2143 2161 868 885 2 17 18
88 154 916 933 2 17 66
181 193 916 933 2 17 12
265 292 916 932 2 16 27
64 97 937 955 2 18 33
64 103 961 978 2 17 39
289 316 961 977 2 16 27
172 205 961 977 2 16 33
112 163 961 980 2 19 51
304 325 982 999 2 17 21
67 112 985 1002 2 17 45
241 283 985 1002 2 17 42
103 142 1006 1025 2 19 39
232 244 1027 1043 2 16 12
277 295 1027 1043 2 16 18
172 193 1027 1044 2 17 21
307 325 1027 1043 2 16 18
88 145 1027 1044 2 17 57
91 127 1072 1088 2 16 36
148 163 1072 1088 2 16 15
178 193 1072 1088 2 16 15
295 319 1072 1088 2 16 24
256 268 1096 1113 2 17 12
67 109 1093 1110 2 17 42
1636 1678 1105 1158 2 53 42
64 79 1138 1154 2 16 15
82 97 1138 1154 2 16 15
139 172 1138 1154 2 16 33
184 232 1138 1155 2 17 48
271 325 1138 1155 2 17 54
229 265 1183 1199 2 16 36
142 160 1183 1199 2 16 18
388 406 1240 1283 2 43 18
409 427 1240 1283 2 43 18
430 445 1240 1283 2 43 15
457 472 1240 1283 2 43 15
490 505 1243 1283 2 40 15
511 526 1243 1284 2 41 15
619 637 1243 1284 2 41 18
661 679 1243 1285 2 42 18
700 718 1243 1285 2 42 18
754 772 1243 1284 2 41 18
796 811 1243 1285 2 42 15
835 856 1243 1285 2 42 21
775 793 1243 1284 2 41 18
640 658 1243 1284 2 41 18
361 385 1240 1282 2 42 24
529 571 1243 1284 2 41 42
817 832 1243 1285 2 42 15
682 697 1243 1284 2 41 15
733 751 1243 1285 2 42 18
64 91 1273 1291 2 18 27
67 85 1294 1310 2 16 18
100 130 1294 1310 2 16 30
397 418 1327 1356 2 29 21
517 538 1327 1357 2 30 21
775 793 1327 1357 2 30 18
541 559 1336 1357 2 21 18
649 664 1336 1357 2 21 15
667 679 1336 1356 2 20 12
736 748 1336 1357 2 21 12
214 226 1339 1355 2 16 12
430 445 1336 1356 2 20 15
478 490 1336 1357 2 21 12
682 706 1336 1357 2 21 24
751 766 1336 1357 2 21 15
715 733 1327 1357 2 30 18
448 475 1336 1357 2 21 27
796 808 1336 1357 2 21 12
253 274 1339 1355 2 16 21
565 595 1336 1358 2 22 30
340 370 1327 1356 2 29 30
607 646 1327 1357 2 30 39
844 859 1336 1358 2 22 15
811 841 1336 1358 2 22 30
64 97 1363 1379 2 16 33
133 166 1384 1400 2 16 33
568 580 1408 1431 2 23 12
610 622 1408 1430 2 22 12
355 367 1414 1435 2 21 12
661 673 1414 1431 2 17 12
766 778 1414 1431 2 17 12
493 517 1414 1435 2 21 24
625 640 1414 1430 2 16 15
115 154 1405 1422 2 17 39
700 715 1408 1430 2 22 15
628 640 1444 1466 2 22 12
349 361 1447 1467 2 20 12
475 490 1444 1468 2 24 15
697 712 1450 1467 2 17 15
781 793 1444 1468 2 24 12
202 220 1450 1466 2 16 18
229 280 1450 1466 2 16 51
412 424 1450 1467 2 17 12
670 694 1450 1467 2 17 24
298 325 1450 1466 2 16 27
280 325 1474 1492 2 18 45
388 400 1507 1525 2 18 12
64 76 1516 1532 2 16 12
412 427 1507 1526 2 19 15
673 694 1507 1526 2 19 21
709 724 1507 1526 2 19 15
439 457 1513 1530 2 17 18
736 754 1507 1526 2 19 18
337 358 1507 1525 2 18 21
622 658 1507 1525 2 18 36
757 796 1507 1526 2 19 39
847 868 1507 1527 2 20 21
79 106 1516 1532 2 16 27
658 670 1534 1551 2 17 12
757 769 1534 1552 2 18 12
484 496 1534 1552 2 18 12
610 631 1534 1551 2 17 21
733 748 1534 1552 2 18 15
1498 1516 1537 1553 2 16 18
1546 1558 1537 1554 2 17 12
1639 1651 1546 1573 2 27 12
391 415 1534 1551 2 17 24
1432 1447 1537 1553 2 16 15
433 454 1558 1577 2 19 21
688 721 1558 1577 2 19 33
163 190 1561 1580 2 19 27
289 316 1561 1578 2 17 27
355 367 1558 1577 2 19 12
622 646 1558 1577 2 19 24
649 667 1564 1580 2 16 18
244 286 1561 1578 2 17 42
1690 1708 1576 1592 2 16 18
1822 1846 1576 1593 2 17 24
64 82 1582 1598 2 16 18
121 175 1582 1599 2 17 54
184 238 1585 1602 2 17 54
289 316 1606 1622 2 16 27
64 124 1627 1643 2 16 60
145 169 1627 1643 2 16 24
109 127 1651 1668 2 17 18
1789 1801 1651 1667 2 16 12
217 229 1672 1688 2 16 12
256 268 1672 1688 2 16 12
187 205 1672 1688 2 16 18
2065 2083 1693 1721 2 28 18
307 322 1696 1713 2 17 15
1444 1462 1702 1743 2 41 18
1486 1501 1702 1744 2 42 15
1504 1522 1702 1744 2 42 18
1561 1576 1702 1745 2 43 15
1579 1594 1702 1745 2 43 15
1597 1612 1702 1745 2 43 15
1624 1642 1702 1745 2 43 18
97 127 1693 1709 2 16 30
1465 1480 1702 1744 2 42 15
1720 1735 1705 1746 2 41 15
1756 1774 1705 1746 2 41 18
1843 1858 1705 1747 2 42 15
1861 1879 1705 1747 2 42 18
1900 1915 1705 1747 2 42 15
1882 1897 1705 1747 2 42 15
1786 1804 1705 1747 2 42 18
292 316 1717 1733 2 16 24
1525 1543 1702 1745 2 43 18
1807 1825 1705 1747 2 42 18
1738 1753 1705 1746 2 41 15
1507 1531 1789 1818 2 29 24
1582 1600 1789 1818 2 29 18
1438 1450 1795 1818 2 23 12
1471 1489 1795 1818 2 23 18
1534 1546 1795 1818 2 23 12
1549 1561 1798 1818 2 20 12
1639 1654 1798 1819 2 21 15
1783 1798 1798 1821 2 23 15
1657 1669 1798 1818 2 20 12
1729 1741 1798 1820 2 22 12
1819 1831 1798 1821 2 23 12
1690 1726 1792 1821 2 29 36
1762 1777 1792 1820 2 28 15
1453 1471 1795 1817 2 22 18
1420 1432 1789 1817 2 28 12
1612 1624 1789 1819 2 30 12
1624 1636 1792 1819 2 27 12
1801 1816 1798 1821 2 23 15
1834 1864 1792 1821 2 29 30
1651 1663 1870 1891 2 21 12
1693 1705 1870 1893 2 23 12
1846 1858 1870 1894 2 24 12
1756 1768 1912 1930 2 18 12
1555 1570 1906 1928 2 22 15
1474 1486 1969 1986 2 17 12
1501 1513 1969 1986 2 17 12
1825 1837 1972 1990 2 18 12
1420 1447 1969 1986 2 17 27
1636 1651 1969 1987 2 18 15
1426 1438 1993 2012 2 19 12
1543 1555 1993 2012 2 19 12
1834 1846 1999 2016 2 17 12
1456 1471 1993 2011 2 18 15
1699 1711 1996 2015 2 19 12
1597 1609 1996 2012 2 16 12
1756 1768 1999 2015 2 16 12
1798 1819 1999 2015 2 16 21
1804 1816 2023 2041 2 18 12
1852 1864 2023 2041 2 18 12
1882 1894 2023 2041 2 18 12
1606 1627 2020 2038 2 18 21
1723 1747 2023 2041 2 18 24
1573 1594 2023 2041 2 18 21
460 472 2491 2517 2 26 12
490 514 2476 2517 2 41 24
550 571 2476 2517 2 41 21
724 745 2494 2518 2 24 21
514 547 2491 2517 2 26 33
355 457 2476 2527 2 51 102
571 589 2491 2517 2 26 18
604 637 2476 2517 2 41 33
667 721 2476 2518 2 42 54
745 814 2494 2519 2 25 69
349 364 2548 2573 2 25 15
448 463 2551 2574 2 23 15
646 661 2551 2575 2 24 15
715 727 2551 2575 2 24 12
433 445 2551 2574 2 23 12
688 706 2554 2575 2 21 18
364 376 2557 2573 2 16 12
571 583 2557 2574 2 17 12
388 400 2551 2573 2 22 12
475 487 2557 2573 2 16 12
616 637 2557 2575 2 18 21
529 541 2551 2574 2 23 12
730 742 2557 2575 2 18 12
799 811 2551 2575 2 24 12
586 601 2557 2574 2 17 15
661 685 2557 2575 2 18 24
754 766 2551 2575 2 24 12
61 79 2575 2600 2 25 18
241 256 2572 2599 2 27 15
211 232 2572 2599 2 27 21
163 181 2584 2601 2 17 18
184 202 2578 2600 2 22 18
259 283 2572 2599 2 27 24
634 649 2587 2611 2 24 15
724 736 2587 2612 2 25 12
133 160 2584 2601 2 17 27
370 385 2587 2610 2 23 15
82 106 2584 2601 2 17 24
472 484 2593 2610 2 17 12
535 547 2593 2610 2 17 12
568 580 2593 2611 2 18 12
598 610 2593 2611 2 18 12
508 532 2593 2610 2 17 24
118 133 2575 2601 2 26 15
448 466 2587 2610 2 23 18
703 721 2596 2612 2 16 18
484 505 2590 2610 2 20 21
139 154 2611 2637 2 26 15
745 760 2590 2612 2 22 15
112 124 2620 2637 2 17 12
97 109 2620 2637 2 17 12
874 892 2623 2654 2 31 18
196 220 2611 2637 2 26 24
220 247 2620 2637 2 17 27
1018 1036 2626 2651 2 25 18
250 304 2611 2637 2 26 54
1537 1564 2629 2670 2 41 27
79 97 2611 2637 2 26 18
997 1009 2635 2651 2 16 12
1111 1126 2635 2653 2 18 15
916 940 2629 2651 2 22 24
970 997 2623 2651 2 28 27
943 967 2635 2657 2 22 24
1510 1525 2644 2671 2 27 15
1618 1648 2629 2670 2 41 30
1648 1666 2644 2670 2 26 18
187 205 2647 2674 2 27 18
1066 1111 2626 2653 2 27 45
1351 1390 2629 2670 2 41 39
1567 1585 2644 2670 2 26 18
1588 1606 2629 2670 2 41 18
1708 1723 2647 2671 2 24 15
88 106 2650 2674 2 24 18
1393 1426 2635 2670 2 35 33
1669 1684 2644 2670 2 26 15
1873 1891 2647 2681 2 34 18
1684 1705 2629 2670 2 41 21
1765 1786 2629 2670 2 41 21
109 121 2659 2675 2 16 12
127 145 2647 2674 2 27 18
295 322 2656 2674 2 18 27
886 901 2662 2687 2 25 15
991 1009 2662 2688 2 26 18
1033 1048 2662 2688 2 26 15
244 280 2647 2674 2 27 36
1165 1273 2626 2669 2 43 108
1321 1336 2644 2670 2 26 15
1489 1507 2644 2670 2 26 18
1732 1762 2629 2670 2 41 30
1276 1318 2626 2670 2 44 42
1435 1489 2629 2671 2 42 54
1786 1804 2647 2671 2 24 18
1813 1870 2629 2671 2 42 57
2044 2056 2656 2672 2 16 12
901 913 2671 2687 2 16 12
925 949 2662 2687 2 25 24
1099 1123 2674 2690 2 16 24
952 970 2662 2688 2 26 18
1210 1237 2683 2724 2 41 27
1429 1456 2683 2726 2 43 27
1585 1597 2683 2725 2 42 12
1459 1471 2686 2725 2 39 12
1051 1069 2701 2726 2 25 18
1300 1315 2701 2725 2 24 15
1405 1420 2701 2726 2 25 15
1708 1729 2701 2725 2 24 21
1864 1882 2701 2735 2 34 18
1903 1918 2701 2726 2 25 15
1279 1297 2683 2725 2 42 18
1558 1576 2683 2726 2 43 18
1600 1618 2701 2725 2 24 18
1780 1798 2701 2726 2 25 18
910 925 2707 2724 2 17 15
1327 1354 2683 2725 2 42 27
1480 1510 2683 2726 2 43 30
1984 2002 2707 2726 2 19 18
2023 2035 2707 2726 2 19 12
1069 1081 2710 2727 2 17 12
2050 2062 2710 2727 2 17 12
2065 2080 2710 2726 2 16 15
2083 2095 2710 2732 2 22 12
2161 2176 2710 2728 2 18 15
970 994 2698 2725 2 27 24
1375 1402 2701 2725 2 24 27
1510 1546 2701 2726 2 25 36
1669 1687 2701 2725 2 24 18
2002 2020 2707 2726 2 19 18
2128 2140 2710 2728 2 18 12
1081 1132 2704 2733 2 29 51
1738 1777 2683 2726 2 43 39
940 955 2698 2725 2 27 15
1237 1276 2701 2725 2 24 39
1357 1372 2701 2725 2 24 15
1627 1648 2683 2726 2 43 21
1651 1666 2701 2725 2 24 15
1690 1705 2701 2726 2 25 15
1801 1861 2701 2735 2 34 60
1885 1900 2701 2726 2 25 15
1948 1975 3076 3099 2 23 27
