22 34 28 89 2 61 12
1171 1282 115 188 2 73 111
70 448 106 250 2 144 378
1945 2206 121 197 2 76 261
652 1099 112 189 2 77 447
1321 1546 112 195 2 83 225
25 37 118 181 2 63 12
370 595 112 187 2 75 225
1621 1903 115 191 2 76 282
904 937 232 252 2 20 33
955 1012 232 252 2 20 57
1033 1111 232 252 2 20 78
1132 1168 232 253 2 21 36
1333 1399 235 253 2 18 66
1699 1780 235 254 2 19 81
1213 1267 232 252 2 20 54
1804 1882 235 255 2 20 78
1288 1309 235 256 2 21 21
1915 2008 235 258 2 23 93
2062 2218 232 256 2 24 156
70 670 286 492 2 206 600
688 1138 289 587 2 298 450
1567 2218 289 586 2 297 651
1150 1549 289 588 2 299 399
658 766 439 492 2 53 108
94 301 529 584 2 55 207
340 910 535 771 2 236 570
1498 1621 559 595 2 36 123
1639 1705 559 594 2 35 66
1723 1792 559 594 2 35 69
1810 1870 559 594 2 35 60
67 328 628 666 2 38 261
883 1066 631 662 2 31 183
1090 1108 631 661 2 30 18
1153 1237 631 662 2 31 84
1960 2047 631 661 2 30 87
2068 2104 631 667 2 36 36
1291 1309 634 663 2 29 18
1258 1270 634 662 2 28 12
2125 2221 631 667 2 36 96
1330 1402 634 663 2 29 72
1609 1645 709 763 2 54 36
2140 2155 709 733 2 24 15
1396 1408 712 736 2 24 12
1963 1996 709 771 2 62 33
2068 2119 709 770 2 61 51
70 160 709 769 2 60 90
178 262 709 770 2 61 84
295 307 715 739 2 24 12
2176 2209 715 770 2 55 33
955 1141 712 772 2 60 186
1204 1216 718 735 2 17 12
2014 2038 709 771 2 62 24
1333 1369 748 773 2 25 36
1672 1723 745 780 2 35 51
70 247 808 881 2 73 177
892 1114 811 882 2 71 222
1960 2224 811 885 2 74 264
1153 1228 811 883 2 72 75
280 325 811 859 2 48 45
1252 1411 814 884 2 70 159
259 280 862 880 2 18 21
64 205 916 1044 2 128 141
265 292 916 932 2 16 27
232 325 961 1043 2 82 93
67 127 1072 1110 2 38 60
148 193 1072 1088 2 16 45
295 319 1072 1088 2 16 24
256 325 1096 1155 2 59 69
1636 1678 1105 1158 2 53 42
64 97 1138 1154 2 16 33
139 232 1138 1155 2 17 93
229 265 1183 1199 2 16 36
142 160 1183 1199 2 16 18
361 472 1240 1283 2 43 111
490 571 1243 1284 2 41 81
619 856 1243 1285 2 42 237
64 130 1273 1310 2 37 66
397 490 1327 1357 2 30 93
517 859 1327 1358 2 31 342
214 226 1339 1355 2 16 12
253 274 1339 1355 2 16 21
340 370 1327 1356 2 29 30
64 97 1363 1379 2 16 33
115 166 1384 1422 2 38 51
568 580 1408 1431 2 23 12
610 640 1408 1466 2 58 30
349 367 1414 1467 2 53 18
661 715 1408 1467 2 59 54
766 793 1414 1468 2 54 27
475 517 1414 1468 2 54 42
202 358 1450 1525 2 75 156
412 424 1450 1467 2 17 12
388 457 1507 1551 2 44 69
64 106 1516 1532 2 16 42
610 796 1507 1580 2 73 186
847 868 1507 1527 2 20 21
484 496 1534 1552 2 18 12
1498 1516 1537 1553 2 16 18
1546 1558 1537 1554 2 17 12
1639 1651 1546 1573 2 27 12
1432 1447 1537 1553 2 16 15
433 454 1558 1577 2 19 21
121 316 1561 1643 2 82 195
355 367 1558 1577 2 19 12
1690 1708 1576 1592 2 16 18
1822 1846 1576 1593 2 17 24
64 82 1582 1598 2 16 18
64 127 1627 1709 2 82 63
1789 1801 1651 1667 2 16 12
187 229 1672 1688 2 16 42
256 268 1672 1688 2 16 12
2065 2083 1693 1721 2 28 18
292 322 1696 1733 2 37 30
1444 1543 1702 1745 2 43 99
1561 1642 1702 1745 2 43 81
1720 1825 1705 1747 2 42 105
1843 1915 1705 1747 2 42 72
1507 1561 1789 1818 2 29 54
1582 1669 1789 1819 2 30 87
1420 1489 1789 1818 2 29 69
1762 1864 1792 1821 2 29 102
1690 1741 1792 1821 2 29 51
1651 1663 1870 1891 2 21 12
1693 1705 1870 1893 2 23 12
1846 1858 1870 1894 2 24 12
1756 1768 1912 1930 2 18 12
1555 1570 1906 1928 2 22 15
1420 1513 1969 2012 2 43 93
1798 1864 1972 2041 2 69 66
1636 1651 1969 1987 2 18 15
1543 1555 1993 2012 2 19 12
1699 1768 1996 2041 2 45 69
1573 1627 1996 2041 2 45 54
1882 1894 2023 2041 2 18 12
349 547 2476 2610 2 134 198
490 637 2476 2517 2 41 147
667 814 2476 2519 2 43 147
568 766 2551 2612 2 61 198
799 811 2551 2575 2 24 12
61 322 2572 2675 2 103 261
874 1132 2623 2733 2 110 258
1165 1918 2626 2735 2 109 753
2044 2056 2656 2672 2 16 12
1984 2095 2707 2732 2 25 111
2161 2176 2710 2728 2 18 15
2128 2140 2710 2728 2 18 12
1948 1975 3076 3099 2 23 27
