335 865 2455 2467 7 12 63
853 862 2455 2640 6 126 9
1145 1942 2611 2620 7 9 156
1930 1939 2608 2750 6 72 9
334 793 2452 2463 7 11 459
334 343 2452 2639 6 174 9
334 745 2629 2640 7 11 411
1138 1243 2737 2748 7 11 102
1141 1147 292 1954 6 532 6
16 22 479 586 6 96 6
874 877 518 814 6 183 3
1414 1417 519 1852 6 291 3
1951 1954 517 1809 6 264 3
1144 1147 292 1954 6 117 3
1414 1417 519 1852 6 774 3
874 877 832 1409 6 180 3
1951 1954 517 1809 6 36 3
1 4 1 3200 6 147 3
1954 1957 517 1809 6 264 3
601 604 1221 1336 6 102 3
1954 1957 517 1809 6 27 3
1954 1957 517 1809 6 186 3
1 4 1 3200 6 31 3
1141 1144 292 1951 6 444 3
871 874 1421 1873 6 244 3
1 4 1 3200 6 32 3
1957 1960 580 1869 6 45 3
1951 1957 517 1809 6 171 6
1 4 1 3200 6 33 3
1411 1414 519 1852 6 76 3
1411 1414 519 1852 6 27 3
1411 1414 519 1852 6 45 3
1 13 1 3200 6 1197 12
1681 1684 2000 2073 6 45 3
1138 1141 1975 2697 6 234 3
868 871 2296 2696 6 319 3
1948 1951 2481 2641 6 78 3
1135 1138 1966 2697 6 54 3
1957 1960 2626 3098 6 31 3
2206 2212 2629 3100 6 107 6
2206 2212 2629 3100 6 160 6
1135 1138 2710 2965 6 55 3
1135 1138 2710 2965 6 57 3
2206 2209 2629 3100 6 31 3
70 571 211 221 7 10 501
71 1231 214 223 7 9 657
1240 1369 217 223 7 6 96
1240 1615 217 224 7 7 216
1854 2218 214 223 7 9 195
1631 1750 217 224 7 7 93
1854 1993 217 225 7 8 66
1098 1207 517 523 7 6 57
329 937 517 523 7 6 234
1286 1765 520 525 7 5 42
1286 1786 520 521 7 1 30
1286 1822 520 525 7 5 42
1286 1720 520 526 7 6 258
145 253 601 608 7 7 108
958 1063 604 610 7 6 105
2035 2143 604 609 7 5 108
1228 1333 604 611 7 7 105
145 253 685 690 7 5 108
958 1066 688 692 7 4 108
2038 2146 685 691 7 6 108
1228 1333 688 693 7 5 105
1228 1333 796 800 7 4 105
1252 1306 901 908 7 7 54
656 868 1219 1231 7 12 207
415 517 1300 1306 7 6 102
685 793 1300 1306 7 6 108
415 520 1384 1388 7 4 105
682 790 1381 1387 7 6 108
1495 1603 1762 1767 7 5 108
1765 1873 1765 1770 7 5 108
1495 1603 1843 1849 7 6 108
1765 1873 1846 1851 7 5 108
1495 1573 1951 1954 7 3 78
1766 1870 1954 1958 7 4 93
484 613 2431 2438 7 7 96
486 664 2431 2434 7 3 48
486 703 2431 2435 7 4 36
486 805 2431 2435 7 4 69
486 862 2431 2435 7 4 33
495 676 2437 2438 7 1 57
495 817 2437 2443 7 6 48
370 418 2440 2441 7 1 36
370 463 2440 2441 7 1 42
495 553 2440 2442 7 2 30
495 682 2440 2443 7 3 126
495 766 2440 2443 7 3 66
495 862 2437 2443 7 6 39
478 718 2533 2537 7 4 240
139 202 2551 2554 7 3 27
248 322 2551 2558 7 7 57
1148 1711 2584 2591 7 7 66
1147 1543 2581 2594 7 13 396
1958 2074 2605 2612 7 7 75
1144 1345 2602 2615 7 13 201
1973 2104 2611 2617 7 6 48
1977 2032 2614 2616 7 2 33
1973 2215 2611 2617 7 6 57
334 826 2632 2638 7 6 78
1143 1408 2743 2748 7 5 147
1143 1522 2743 2747 7 4 54
1143 1603 2740 2747 7 7 54
1143 1675 2743 2747 7 4 27
1143 1939 2740 2751 7 11 234
70 2215 262 281 7 19 2145
