1 10 7003 7106 6
160 658 6937 6963 7
670 673 6844 6904 6
643 652 6724 6934 6
1 13 6595 6943 6
127 136 6499 6568 6
127 133 6424 6466 6
124 133 6322 6386 6
1237 1240 6310 6523 6
1237 1240 6241 6305 6
124 133 6175 6317 6
406 463 6124 6128 7
124 133 6115 6172 6
1237 1240 6112 6162 6
190 196 6046 6096 6
637 652 6016 6721 6
217 628 5992 6004 7
901 1009 5989 5999 7
4558 4600 5875 5880 7
2038 2146 5869 5878 7
1237 1240 5863 5987 6
2482 2596 5821 5825 7
2554 2596 5812 5817 7
838 1066 5764 5772 7
1 13 5761 6593 6
2368 2371 5746 5803 6
664 667 5653 5702 6
1981 2203 5641 5651 7
967 979 5629 5722 6
796 808 5629 5722 6
1159 1225 5596 5601 7
1237 1240 5593 5805 6
1180 1225 5587 5592 7
1981 1993 5509 5600 6
1 13 5230 5608 6
1468 1579 5215 5223 7
1798 1801 5122 5220 6
1408 1630 4990 4998 7
1408 1630 4837 4849 7
1 13 4486 5224 6
1 10 4342 4482 6
1228 1231 3904 3953 6
2032 2146 3574 3582 7
3742 3853 3556 3565 7
886 1000 3475 3483 7
805 811 3388 3428 6
1975 2200 3322 3331 7
3685 3913 3310 3322 7
832 1057 3229 3240 7
2140 2146 3220 3269 6
3646 3652 3211 3262 6
4078 4081 3199 3317 6
1939 1945 3136 3185 6
3970 3976 3130 3174 6
820 826 3130 3178 6
1975 2197 3079 3088 7
3685 3910 3067 3081 7
1141 1147 3046 3095 6
1 19 3007 4282 6
832 1057 2989 2997 7
1975 2200 2896 2904 7
3679 3907 2884 2893 7
835 1057 2812 2820 7
2371 2374 2809 2854 6
3505 3508 2737 2830 6
4078 4081 2719 2930 6
655 658 2683 2746 6
2371 2374 2494 2561 6
2371 2374 2215 2369 6
4780 4789 2080 2170 6
2371 2374 2068 2165 6
2371 2374 1960 2014 6
4780 4786 1939 1981 6
325 439 1819 1828 7
4303 4411 1810 1818 7
1462 1570 1810 1818 7
1804 1807 1759 1882 6
661 664 1741 1798 6
1 25 1699 3001 6
2371 2374 1693 1771 6
1231 1237 1684 1885 6
4597 4603 1606 1646 6
2371 2374 1594 1690 6
1411 1636 1570 1578 7
268 487 1564 1578 7
4240 4465 1558 1568 7
4066 4072 1528 1576 6
4066 4072 1453 1510 6
1804 1807 1453 1531 6
661 664 1444 1520 6
2386 4048 1405 1435 7
1234 1237 1402 1639 6
2371 2374 1384 1577 6
1411 1636 1324 1335 7
271 490 1321 1335 7
4237 4462 1315 1326 7
4066 4069 1300 1375 6
664 667 1153 1231 6
679 1222 1126 1158 7
1411 1636 1141 1150 7
274 493 1135 1151 7
4234 4459 1132 1141 7
4063 4066 1063 1249 6
2386 2401 1009 1401 6
1597 1615 982 1095 6
1528 1546 982 1095 6
4531 4549 973 1087 6
1234 1237 970 1391 6
2365 2371 967 1083 6
664 667 967 1148 6
1804 1807 961 1207 6
3574 3697 949 954 7
3460 3514 949 954 7
3397 3442 949 954 7
3214 3517 940 954 7
3208 3265 949 954 7
3154 3205 949 954 7
3088 3151 949 954 7
2977 3199 940 954 7
2917 2974 949 955 7
2605 2677 949 954 7
2560 2602 949 954 7
2236 2368 940 955 7
2170 2224 949 955 7
1879 2071 949 955 7
1429 2233 940 954 7
1462 1627 949 953 7
1225 1303 949 953 7
2863 2914 949 955 7
1150 1222 949 953 7
1075 1117 949 952 7
940 1072 946 952 7
877 937 946 951 7
352 409 946 952 7
262 313 949 954 7
742 784 943 949 7
598 715 943 947 7
4231 4456 937 947 7
3637 3916 940 953 7
3565 3634 940 946 7
2893 2986 940 947 7
2575 2704 940 946 7
2410 2458 943 947 7
1348 1426 940 945 7
1168 1303 937 945 7
838 1165 937 952 7
553 595 943 946 7
265 382 940 945 7
604 835 934 942 7
424 481 937 941 7
4768 4774 709 769 6
3817 3919 601 606 7
3562 3661 601 607 7
2755 2800 601 605 7
2497 2566 601 607 7
2233 2368 601 608 7
2077 2173 601 606 7
1945 2074 601 607 7
1735 1927 601 607 7
1309 1711 601 606 7
1141 1306 601 606 7
1063 1138 601 605 7
937 1015 598 604 7
337 442 598 604 7
118 4609 574 608 7
4303 4453 595 600 7
4243 4300 595 600 7
4153 4222 595 600 7
796 853 595 601 7
622 784 595 600 7
475 565 595 600 7
4396 4402 502 548 6
2464 2506 475 479 7
2194 2311 475 480 7
1918 2038 475 480 7
1714 1795 472 479 7
1648 1711 475 480 7
1384 1465 475 480 7
1306 1378 475 479 7
1009 1249 472 479 7
4027 4090 472 478 7
3937 3991 472 478 7
2974 3238 463 483 7
4282 4612 457 475 7
4096 4153 472 476 7
829 1006 469 476 7
4237 4279 469 475 7
2230 2275 466 471 7
1990 2050 466 470 7
1711 1840 466 471 7
1201 1489 466 472 7
439 535 469 473 7
4072 4114 463 468 7
1621 1708 466 471 7
985 1180 463 469 7
328 373 463 468 7
4306 4378 460 466 7
4243 4303 460 466 7
436 502 460 464 7
1 10 232 1663 6
1 7 148 190 6
