799 832 94 136 2 42 33
1438 1483 94 139 2 45 45
904 946 94 136 2 42 42
1261 1306 91 139 2 48 45
1318 1342 94 138 2 44 24
1354 1393 94 138 2 44 39
1405 1426 94 138 2 44 21
1069 1114 94 138 2 44 45
742 784 94 136 2 42 42
1126 1171 94 138 2 44 45
1495 1543 94 138 2 44 48
1999 2044 112 144 2 32 45
76 166 115 134 2 19 90
175 277 115 134 2 19 102
1018 1057 94 137 2 43 39
847 892 88 138 2 50 45
958 1003 94 139 2 45 45
1213 1249 94 138 2 44 36
1633 1678 148 224 2 76 45
178 295 142 189 2 47 117
58 181 142 204 2 62 123
1249 1294 142 223 2 81 45
1999 2050 181 206 2 25 51
2059 2104 181 203 2 22 45
1849 1930 145 222 2 77 81
352 421 145 220 2 75 69
520 586 145 221 2 76 66
835 895 145 223 2 78 60
1327 1408 136 222 2 86 81
427 514 145 222 2 77 87
646 703 145 221 2 76 57
715 754 145 221 2 76 39
901 943 145 223 2 78 42
1099 1246 139 233 2 94 147
1483 1630 142 230 2 88 147
1687 1768 145 231 2 86 81
169 187 253 274 2 21 18
271 283 253 275 2 22 12
2053 2119 253 274 2 21 66
1201 1219 253 275 2 22 18
403 424 256 276 2 20 21
640 670 256 276 2 20 30
733 763 253 275 2 22 30
1015 1138 253 277 2 24 123
121 169 253 275 2 22 48
1234 1267 253 277 2 24 33
286 406 256 276 2 20 120
682 730 253 275 2 22 48
1597 1663 256 278 2 22 66
673 697 292 336 2 44 24
232 298 289 344 2 55 66
415 445 292 335 2 43 30
601 655 292 337 2 45 54
1294 1363 289 319 2 30 69
466 583 292 337 2 45 117
694 772 310 337 2 27 78
1585 1696 292 346 2 54 111
1780 1879 289 336 2 47 99
1402 1576 292 338 2 46 174
1705 1771 292 339 2 47 66
310 397 292 335 2 43 87
985 1066 292 340 2 48 81
121 235 289 343 2 54 114
1993 2065 286 344 2 58 72
568 634 346 392 2 46 66
655 700 349 393 2 44 45
1423 1459 346 392 2 46 36
1474 1627 346 401 2 55 153
910 1018 364 400 2 36 108
1639 1717 346 392 2 46 78
1729 1909 346 400 2 54 180
337 544 346 392 2 46 207
1033 1120 364 397 2 33 87
721 814 349 392 2 43 93
2119 2221 376 410 2 34 102
112 148 379 409 2 30 36
34 100 376 421 2 45 66
163 253 379 417 2 38 90
1855 1888 400 446 2 46 33
1993 2101 376 408 2 32 108
379 418 403 447 2 44 39
1747 1846 403 446 2 43 99
958 1024 424 444 2 20 66
439 601 403 448 2 45 162
1435 1486 403 448 2 45 51
1888 1939 400 445 2 45 51
1495 1615 403 448 2 45 120
1624 1738 403 457 2 54 114
265 295 451 484 2 33 30
955 1024 445 467 2 22 69
1030 1051 445 466 2 21 21
1057 1093 445 463 2 18 36
1960 1972 454 472 2 18 12
2044 2056 454 478 2 24 12
2023 2041 445 471 2 26 18
2098 2149 445 473 2 28 51
2164 2212 445 479 2 34 48
34 64 448 478 2 30 30
2059 2089 451 472 2 21 30
73 121 451 478 2 27 48
124 172 451 477 2 26 48
220 253 454 477 2 23 33
1981 2008 448 471 2 23 27
187 217 451 477 2 26 30
1432 1534 460 495 2 35 102
1816 1894 460 490 2 30 78
130 145 490 513 2 23 15
2044 2062 484 505 2 21 18
1981 2005 481 505 2 24 24
187 205 490 514 2 24 18
2080 2173 481 506 2 25 93
148 184 490 514 2 24 36
220 259 490 520 2 30 39
49 67 487 513 2 26 18
64 124 487 521 2 34 60
1825 1939 490 521 2 31 114
958 1039 499 527 2 28 81
1549 1606 499 527 2 28 57
598 664 526 550 2 24 66
1858 1939 523 551 2 28 81
1801 1867 523 553 2 30 66
1033 1075 529 560 2 31 42
1078 1120 529 558 2 29 42
2098 2209 538 562 2 24 111
943 1027 529 558 2 29 84
1948 1969 538 558 2 20 21
2029 2077 535 558 2 23 48
34 118 541 570 2 29 84
223 277 547 568 2 21 54
583 622 553 580 2 27 39
142 199 547 566 2 19 57
1537 1624 529 573 2 44 87
1627 1666 529 573 2 44 39
139 151 574 592 2 18 12
1675 1744 541 582 2 41 69
1729 1783 568 597 2 29 54
1975 2050 562 587 2 25 75
250 274 574 593 2 19 24
2131 2182 565 585 2 20 51
199 241 574 593 2 19 42
2056 2125 565 586 2 21 69
1015 1096 562 591 2 29 81
61 130 571 596 2 25 69
1999 2011 589 609 2 20 12
823 847 571 598 2 27 24
1864 1924 583 612 2 29 60
2011 2050 589 610 2 21 39
2086 2098 589 610 2 21 12
2101 2158 589 613 2 24 57
202 250 601 619 2 18 48
85 160 598 623 2 25 75
166 199 601 623 2 22 33
1795 1891 553 629 2 76 96
1507 1591 589 634 2 45 84
1675 1717 616 644 2 28 42
1861 1912 616 643 2 27 51
2032 2065 622 648 2 26 33
2131 2209 616 650 2 34 78
91 115 631 659 2 28 24
673 718 643 671 2 28 45
1045 1120 637 668 2 31 75
724 772 643 671 2 28 48
775 847 628 672 2 44 72
1675 1732 646 675 2 29 57
1783 1846 634 675 2 41 63
955 1048 640 682 2 42 93
2116 2164 652 679 2 27 48
106 208 661 687 2 26 102
2158 2212 652 694 2 42 54
1948 1987 664 693 2 29 39
2008 2035 682 702 2 20 27
970 1030 685 704 2 19 60
2101 2170 682 711 2 29 69
70 133 688 717 2 29 63
1948 1969 697 723 2 26 21
2038 2089 682 723 2 41 51
856 961 685 730 2 45 105
904 1033 715 759 2 44 129
1948 2014 742 769 2 27 66
2179 2212 742 768 2 26 33
583 646 751 778 2 27 63
682 763 751 778 2 27 81
1675 1705 757 784 2 27 30
2095 2140 757 784 2 27 45
817 838 781 808 2 27 21
2002 2053 772 799 2 27 51
127 160 784 808 2 24 33
937 988 778 805 2 27 51
1252 1354 778 810 2 32 102
688 703 781 809 2 28 15
1369 1390 778 805 2 27 21
364 388 799 827 2 28 24
121 139 799 823 2 24 18
865 913 808 837 2 29 48
34 73 811 839 2 28 39
622 640 814 839 2 25 18
1798 1882 817 847 2 30 84
1990 2023 820 859 2 39 33
997 1063 838 884 2 46 66
1867 1906 832 862 2 30 39
808 844 841 871 2 30 36
1954 1975 862 890 2 28 21
442 460 877 901 2 24 18
499 511 889 916 2 27 12
124 175 874 899 2 25 51
793 844 886 915 2 29 51
985 1120 886 917 2 31 135
1990 2014 910 934 2 24 24
991 1039 916 945 2 29 48
1174 1243 910 937 2 27 69
2149 2212 874 934 2 60 63
1435 1549 880 939 2 59 114
34 64 916 944 2 28 30
736 757 919 945 2 26 21
802 844 934 961 2 27 42
1948 1990 925 950 2 25 42
442 493 934 961 2 27 51
997 1120 916 961 2 45 123
2161 2215 952 980 2 28 54
2119 2164 952 979 2 27 45
1984 2008 970 995 2 25 24
643 667 979 1006 2 27 24
1159 1225 970 990 2 20 66
583 643 964 991 2 27 60
934 982 979 1007 2 28 48
1720 1870 955 1010 2 55 150
1336 1372 991 1012 2 21 36
1147 1174 991 1009 2 18 27
1180 1252 991 1009 2 18 72
2110 2140 982 1010 2 28 30
2149 2212 982 1009 2 27 63
730 775 994 1023 2 29 45
760 844 964 1022 2 58 84
1216 1291 1012 1035 2 23 75
1984 2026 1015 1044 2 29 42
2122 2173 1000 1026 2 26 51
31 67 997 1027 2 30 36
256 271 1018 1042 2 24 15
1297 1357 1012 1035 2 23 60
1054 1120 1009 1038 2 29 66
1429 1474 1012 1055 2 43 45
853 964 979 1039 2 60 111
1486 1525 1015 1056 2 41 39
1537 1573 1012 1057 2 45 36
1780 1906 1012 1063 2 51 126
2107 2161 1027 1056 2 29 54
454 466 1054 1096 2 42 12
1348 1393 1045 1072 2 27 45
469 484 1072 1097 2 25 15
496 574 1054 1097 2 43 78
1288 1360 1045 1090 2 45 72
1471 1606 1066 1113 2 47 135
310 442 1054 1107 2 53 132
1618 1720 1066 1113 2 47 102
856 898 1087 1115 2 28 42
169 184 1105 1132 2 27 15
2062 2086 1114 1140 2 26 24
1276 1333 1105 1134 2 29 57
370 415 1108 1152 2 44 45
454 490 1117 1153 2 36 36
1051 1120 1102 1130 2 28 69
31 85 1105 1146 2 41 54
433 454 1111 1153 2 42 21
490 523 1117 1153 2 36 33
730 847 1108 1162 2 54 117
1444 1471 1126 1154 2 28 27
1780 1807 1129 1154 2 25 27
547 718 1111 1153 2 42 171
1540 1627 1126 1169 2 43 87
2089 2110 1129 1155 2 26 21
1324 1369 1135 1165 2 30 45
103 157 1135 1162 2 27 54
1588 1624 1156 1186 2 30 36
1801 1852 1144 1170 2 26 51
2038 2062 1162 1186 2 24 24
2188 2215 1141 1172 2 31 27
1882 1942 1171 1199 2 28 60
1981 2047 1147 1186 2 39 66
2149 2179 1159 1187 2 28 30
1714 1777 1156 1200 2 44 63
460 496 1174 1196 2 22 36
1765 1873 1156 1201 2 45 108
1435 1540 1126 1201 2 75 105
2176 2215 1174 1201 2 27 39
31 64 1180 1207 2 27 33
796 823 1183 1211 2 28 27
1306 1393 1183 1211 2 28 87
1726 1750 1186 1214 2 28 24
391 433 1189 1214 2 25 42
520 574 1186 1213 2 27 54
1906 1942 1186 1214 2 28 36
1966 2014 1189 1218 2 29 48
1015 1030 1216 1239 2 23 15
1453 1510 1219 1245 2 26 57
2140 2203 1204 1234 2 30 63
31 76 1210 1237 2 27 45
958 1009 1216 1239 2 23 51
1519 1546 1216 1234 2 18 27
856 949 1216 1239 2 23 93
466 508 1216 1241 2 25 42
1918 1942 1216 1244 2 28 24
955 973 1243 1266 2 23 18
2104 2137 1222 1247 2 25 33
139 166 1228 1255 2 27 27
1144 1192 1228 1257 2 29 48
901 946 1243 1266 2 23 45
979 1027 1243 1265 2 22 48
1441 1573 1234 1277 2 43 132
1552 1600 1249 1276 2 27 48
1999 2029 1267 1294 2 27 30
157 169 1258 1282 2 24 12
241 271 1258 1283 2 25 30
193 226 1273 1297 2 24 33
1213 1285 1258 1288 2 30 72
544 574 1264 1290 2 26 30
1372 1441 1273 1306 2 33 69
2191 2215 1264 1293 2 29 24
442 493 1264 1290 2 26 51
31 79 1270 1300 2 30 48
997 1033 1273 1301 2 28 36
1720 1819 1276 1304 2 28 99
907 931 1291 1316 2 25 24
1879 1915 1291 1318 2 27 36
934 985 1273 1318 2 45 51
1951 2005 1282 1326 2 44 54
1345 1393 1303 1332 2 29 48
31 70 1300 1327 2 27 39
1036 1072 1306 1332 2 26 36
163 199 1315 1342 2 27 36
136 157 1330 1357 2 27 21
1189 1270 1306 1349 2 43 81
31 70 1330 1359 2 29 39
856 904 1321 1376 2 55 48
499 574 1339 1366 2 27 75
1774 1831 1306 1365 2 59 57
919 1000 1351 1379 2 28 81
754 805 1351 1379 2 28 51
805 817 1375 1394 2 19 12
1006 1066 1351 1379 2 28 60
688 727 1366 1393 2 27 39
2104 2167 1360 1402 2 42 63
2161 2215 1375 1403 2 28 54
355 367 1387 1411 2 24 12
1255 1315 1396 1426 2 30 60
1696 1783 1384 1427 2 43 87
1042 1084 1417 1444 2 27 42
1951 2011 1408 1434 2 26 60
1756 1792 1429 1457 2 28 36
871 916 1417 1444 2 27 45
925 1039 1417 1450 2 33 114
370 400 1435 1460 2 25 30
742 781 1444 1471 2 27 39
871 898 1450 1478 2 28 27
916 937 1450 1478 2 28 21
1036 1102 1450 1479 2 29 66
2125 2179 1450 1478 2 28 54
31 58 1471 1499 2 28 27
781 802 1462 1487 2 25 21
1165 1222 1456 1485 2 29 57
1228 1366 1426 1484 2 58 138
1759 1804 1462 1486 2 24 45
1837 1867 1459 1487 2 28 30
1027 1045 1483 1511 2 28 18
2161 2215 1465 1493 2 28 54
2077 2098 1465 1494 2 29 21
184 253 1489 1507 2 18 69
1045 1120 1483 1513 2 30 75
892 943 1483 1512 2 29 51
1735 1819 1489 1518 2 29 84
2131 2161 1498 1539 2 41 30
31 46 1519 1546 2 27 15
523 574 1510 1538 2 28 51
919 964 1522 1549 2 27 45
145 166 1537 1577 2 40 21
865 913 1537 1565 2 28 48
637 652 1558 1582 2 24 15
307 358 1555 1583 2 28 51
424 514 1513 1598 2 85 90
799 847 1555 1582 2 27 48
343 418 1543 1584 2 41 75
67 118 1579 1606 2 27 51
178 235 1564 1594 2 30 57
916 1042 1552 1596 2 44 126
886 931 1567 1597 2 30 45
28 67 1564 1609 2 45 39
358 448 1585 1614 2 29 90
1954 1999 1588 1616 2 28 45
1354 1369 1621 1649 2 28 15
2080 2158 1603 1633 2 30 78
949 1033 1612 1644 2 32 84
307 364 1618 1648 2 30 57
370 433 1618 1646 2 28 63
676 739 1603 1646 2 43 63
904 922 1645 1672 2 27 18
1189 1231 1624 1649 2 25 42
1108 1120 1633 1657 2 24 12
1456 1483 1651 1696 2 45 27
1486 1498 1651 1695 2 44 12
88 127 1642 1668 2 26 39
1885 1942 1663 1692 2 29 57
2059 2086 1672 1698 2 26 27
790 805 1681 1707 2 26 15
694 733 1663 1691 2 28 39
1315 1327 1687 1711 2 24 12
1852 1882 1648 1692 2 44 30
1510 1657 1651 1704 2 53 147
901 937 1678 1704 2 26 36
1285 1312 1678 1705 2 27 27
1330 1366 1678 1705 2 27 36
1981 2038 1672 1700 2 28 57
1129 1222 1678 1710 2 32 93
1231 1276 1678 1705 2 27 45
166 178 1705 1732 2 27 12
196 214 1705 1732 2 27 18
2152 2206 1687 1714 2 27 54
1150 1168 1711 1738 2 27 18
1303 1315 1711 1738 2 27 12
2026 2071 1702 1729 2 27 45
2083 2143 1669 1714 2 45 60
178 190 1714 1733 2 19 12
877 895 1693 1719 2 26 18
1921 1942 1708 1737 2 29 21
250 277 1705 1733 2 28 27
1168 1183 1720 1739 2 19 15
31 94 1705 1734 2 29 63
217 235 1714 1732 2 18 18
1189 1231 1711 1739 2 28 42
1978 2017 1705 1729 2 24 39
109 157 1705 1734 2 29 48
2020 2041 1717 1744 2 27 21
1234 1261 1711 1738 2 27 27
1342 1393 1711 1738 2 27 51
1276 1300 1720 1738 2 18 24
1324 1342 1711 1738 2 27 18
2065 2113 1732 1759 2 27 48
37 73 1741 1767 2 26 36
211 244 1738 1766 2 28 33
73 106 1744 1767 2 23 33
184 208 1738 1766 2 28 24
112 181 1738 1767 2 29 69
247 283 1747 1772 2 25 36
1153 1213 1744 1772 2 28 60
2164 2206 1747 1775 2 28 42
1219 1276 1747 1773 2 26 57
160 178 1774 1800 2 26 18
52 103 1771 1801 2 30 51
106 151 1774 1807 2 33 45
178 229 1774 1800 2 26 51
238 259 1774 1800 2 26 21
2098 2131 1777 1807 2 30 33
2146 2215 1777 1805 2 28 69
1453 1513 1786 1815 2 29 60
1177 1258 1792 1819 2 27 81
1402 1429 1789 1815 2 26 27
718 757 1792 1819 2 27 39
1462 1513 1804 1832 2 28 51
976 1039 1831 1861 2 30 63
1954 2005 1825 1850 2 25 51
31 58 1849 1867 2 18 27
898 916 1834 1859 2 25 18
1498 1567 1864 1891 2 27 69
1639 1666 1879 1906 2 27 27
1699 1735 1867 1893 2 26 36
2017 2044 1867 1896 2 29 27
139 211 1885 1911 2 26 72
1804 1816 1897 1921 2 24 12
436 472 1885 1909 2 24 36
1252 1357 1870 1913 2 43 105
2074 2146 1867 1912 2 45 72
1531 1552 1894 1923 2 29 21
31 97 1867 1928 2 61 66
412 442 1927 1969 2 42 30
922 934 1936 1954 2 18 12
1231 1261 1915 1944 2 29 30
439 460 1942 1970 2 28 21
307 358 1924 1969 2 45 51
1048 1075 1927 1955 2 28 27
622 652 1936 1972 2 36 30
871 919 1927 1954 2 27 48
1003 1024 1927 1954 2 27 21
937 991 1930 1955 2 25 54
31 58 1930 1964 2 34 27
2164 2206 1948 1992 2 44 42
373 400 1942 1969 2 27 27
865 883 1960 1987 2 27 18
916 937 1960 1988 2 28 21
1402 1468 1957 1985 2 28 66
472 619 1927 1971 2 44 147
664 811 1930 1974 2 44 147
883 910 1969 1987 2 18 27
1072 1096 1969 1989 2 20 24
1021 1069 1960 1990 2 30 48
712 736 1984 2028 2 44 24
937 982 1969 1988 2 19 45
2020 2164 1945 1992 2 47 144
1954 2005 1948 1991 2 43 51
1417 1462 1975 2001 2 26 45
352 403 1981 2025 2 44 51
607 622 2002 2028 2 26 15
652 691 2002 2028 2 26 39
1888 1942 1990 2014 2 24 54
421 502 1984 2035 2 51 81
625 649 2002 2028 2 26 24
505 547 1984 2026 2 42 42
565 604 1984 2028 2 44 39
2167 2215 2017 2039 2 22 48
736 847 1987 2039 2 52 111
1729 1762 2020 2040 2 20 33
1999 2038 2017 2035 2 18 39
1171 1201 2026 2053 2 27 30
1969 1999 2041 2062 2 21 30
1471 1516 2020 2047 2 27 45
31 85 1993 2052 2 59 54
2080 2092 2062 2080 2 18 12
1402 1429 2065 2109 2 44 27
796 829 2047 2073 2 26 33
31 52 2056 2085 2 29 21
2101 2149 2065 2084 2 19 48
193 214 2071 2099 2 28 21
331 346 2074 2098 2 24 15
616 652 2092 2118 2 26 36
1645 1699 2080 2109 2 29 54
799 844 2077 2103 2 26 45
1432 1489 2083 2109 2 26 57
1492 1525 2083 2109 2 26 33
1540 1645 2065 2109 2 44 105
1714 1801 2065 2108 2 43 87
1804 1843 2080 2107 2 27 39
1843 1873 2071 2107 2 36 30
442 514 2089 2114 2 25 72
334 355 2104 2129 2 25 21
1555 1588 2122 2164 2 42 33
1522 1537 2137 2164 2 27 15
1588 1606 2137 2164 2 27 18
1747 1762 2137 2164 2 27 15
2116 2212 2110 2152 2 42 96
2146 2164 2140 2166 2 26 18
31 76 2116 2161 2 45 45
1783 1942 2119 2163 2 44 159
1465 1519 2122 2164 2 42 54
1606 1735 2119 2164 2 45 129
826 844 2167 2192 2 25 18
1027 1084 2161 2190 2 29 57
1675 1750 2179 2207 2 28 75
2065 2110 2170 2196 2 26 45
1042 1078 2191 2218 2 27 36
1984 2005 2203 2227 2 24 21
34 64 2212 2240 2 28 30
898 946 2221 2247 2 26 48
1213 1261 2236 2259 2 23 48
1678 1711 2227 2254 2 27 33
1165 1204 2239 2259 2 20 39
2113 2152 2230 2257 2 27 39
1204 1348 2227 2286 2 59 144
1162 1177 2263 2285 2 22 15
1351 1363 2263 2286 2 23 12
31 46 2263 2286 2 23 15
583 601 2266 2295 2 29 18
499 517 2269 2312 2 43 18
736 751 2269 2296 2 27 15
1600 1636 2251 2278 2 27 36
199 220 2260 2285 2 25 21
880 904 2251 2276 2 25 24
994 1048 2266 2291 2 25 54
46 85 2266 2285 2 19 39
223 268 2263 2286 2 23 45
1363 1393 2263 2286 2 23 30
142 193 2263 2286 2 23 51
793 808 2269 2296 2 27 15
1195 1288 2263 2286 2 23 93
103 127 2263 2286 2 23 24
478 496 2269 2310 2 41 18
658 685 2269 2295 2 26 27
700 727 2278 2302 2 24 27
763 790 2278 2296 2 18 27
2107 2179 2260 2287 2 27 72
322 334 2266 2310 2 44 12
811 823 2278 2302 2 24 12
55 70 2290 2312 2 22 15
88 100 2290 2312 2 22 12
640 658 2269 2295 2 26 18
337 373 2266 2310 2 44 36
613 625 2302 2328 2 26 12
190 277 2290 2312 2 22 87
376 394 2266 2310 2 44 18
412 427 2269 2310 2 41 15
439 475 2266 2311 2 45 36
520 556 2269 2311 2 42 36
103 181 2290 2312 2 22 78
727 751 2302 2329 2 27 24
625 640 2311 2329 2 18 15
667 718 2311 2335 2 24 51
751 802 2302 2330 2 28 51
805 844 2302 2330 2 28 39
649 664 2302 2329 2 27 15
166 178 2317 2345 2 28 12
1000 1060 2311 2336 2 25 60
1144 1165 2308 2333 2 25 21
1267 1291 2338 2364 2 26 24
1018 1045 2338 2365 2 27 27
1297 1351 2323 2349 2 26 54
871 919 2356 2381 2 25 48
1222 1306 2353 2379 2 26 84
1741 1759 2368 2392 2 24 18
1459 1480 2383 2407 2 24 21
2083 2137 2380 2406 2 26 54
853 883 2383 2410 2 27 30
1330 1351 2386 2411 2 25 21
913 937 2401 2427 2 26 24
2146 2212 2398 2437 2 39 66
31 64 2410 2438 2 28 33
2158 2212 2428 2452 2 24 54
724 745 2446 2469 2 23 21
1531 1555 2455 2491 2 36 24
943 964 2458 2494 2 36 21
1084 1108 2458 2494 2 36 24
1123 1144 2458 2494 2 36 21
1147 1171 2458 2494 2 36 24
1342 1354 2458 2492 2 34 12
1258 1303 2458 2493 2 35 45
1174 1243 2458 2494 2 36 69
1357 1378 2458 2492 2 34 21
1462 1486 2455 2492 2 37 24
694 718 2461 2484 2 23 24
964 994 2458 2493 2 35 30
1321 1342 2458 2493 2 35 21
1381 1402 2458 2492 2 34 21
1417 1459 2458 2493 2 35 42
1507 1528 2455 2492 2 37 21
1555 1597 2455 2492 2 37 42
922 940 2458 2493 2 35 18
997 1081 2458 2494 2 36 84
2143 2167 2515 2542 2 27 24
31 61 2518 2559 2 41 30
1759 1786 2551 2576 2 25 27
580 595 2584 2604 2 20 15
676 697 2584 2604 2 20 21
700 721 2584 2605 2 21 21
730 775 2584 2605 2 21 45
778 814 2587 2606 2 19 36
619 667 2584 2604 2 20 48
613 640 2608 2631 2 23 27
706 739 2611 2632 2 21 33
661 703 2611 2635 2 24 42
760 805 2611 2636 2 25 45
757 772 2638 2665 2 27 15
271 298 2638 2665 2 27 27
1948 1960 2662 2684 2 22 12
1996 2020 2662 2685 2 23 24
652 727 2656 2679 2 23 75
1960 1990 2662 2684 2 22 30
2119 2170 2665 2686 2 21 51
2029 2110 2662 2685 2 23 81
31 88 2665 2694 2 29 57
1975 1999 2689 2714 2 25 24
1894 1906 2692 2713 2 21 12
2095 2143 2689 2712 2 23 48
1741 1756 2695 2713 2 18 15
1846 1891 2692 2713 2 21 45
2008 2068 2689 2711 2 22 60
2149 2212 2689 2712 2 23 63
1675 1738 2692 2718 2 26 63
1765 1837 2692 2717 2 25 72
1756 1768 2719 2740 2 21 12
1885 1939 2719 2743 2 24 54
829 844 2716 2741 2 25 15
1717 1744 2719 2740 2 21 27
1771 1795 2719 2740 2 21 24
1816 1861 2719 2740 2 21 45
1801 1816 2719 2740 2 21 15
1870 1885 2719 2739 2 20 15
748 790 2731 2755 2 24 42
31 82 2743 2774 2 31 51
2125 2149 2767 2791 2 24 24
154 172 2797 2818 2 21 18
220 256 2797 2818 2 21 36
2161 2212 2782 2807 2 25 51
694 718 2791 2814 2 23 24
79 139 2797 2819 2 22 60
175 217 2797 2818 2 21 42
184 208 2827 2845 2 18 24
2194 2212 2824 2852 2 28 18
475 490 2836 2861 2 25 15
109 121 2854 2872 2 18 12
133 172 2854 2875 2 21 39
193 265 2854 2874 2 20 72
793 844 2836 2874 2 38 51
355 379 2863 2892 2 29 24
2089 2146 2854 2883 2 29 57
484 505 2866 2891 2 25 21
109 124 2884 2902 2 18 15
220 277 2884 2903 2 19 57
133 214 2884 2902 2 18 81
2119 2152 2887 2913 2 26 33
85 133 2908 2927 2 19 48
181 214 2905 2923 2 18 33
2089 2212 2884 2928 2 44 123
1780 1792 2929 2956 2 27 12
781 820 2932 2959 2 27 39
1888 1927 2932 2956 2 24 39
472 487 2953 2977 2 24 15
664 700 2935 2960 2 25 36
706 724 2941 2960 2 19 18
1696 1717 2962 2987 2 25 21
2167 2200 2962 2980 2 18 33
1537 1555 2977 2996 2 19 18
700 718 2965 2990 2 25 18
133 169 2986 3011 2 25 36
58 133 2968 3013 2 45 75
2035 2077 3004 3029 2 25 42
310 334 3028 3052 2 24 24
2176 2188 3034 3061 2 27 12
1039 1054 3037 3055 2 18 15
133 196 3031 3061 2 30 63
535 574 3055 3082 2 27 39
1948 1963 3052 3077 2 25 15
1819 1834 3055 3077 2 22 15
1846 1891 3052 3077 2 25 45
256 280 3073 3099 2 26 24
2149 2176 3061 3089 2 28 27
169 253 3067 3098 2 31 84
637 664 3073 3096 2 23 27
835 853 2992 3099 2 107 18
1711 1741 3082 3109 2 27 30
58 136 3085 3117 2 32 78
91 214 3085 3115 2 30 123
460 535 3088 3112 2 24 75
1780 1825 3082 3108 2 26 45
