211 244 109 149 2 40 33
346 412 103 180 2 77 66
697 736 109 184 2 75 39
883 922 109 184 2 75 39
256 286 112 149 2 37 30
115 142 154 184 2 30 27
148 163 154 184 2 30 15
85 121 112 184 2 72 36
256 286 154 182 2 28 30
1453 1522 106 188 2 82 69
415 502 106 182 2 76 87
508 574 106 183 2 77 66
631 688 109 183 2 74 57
817 874 109 185 2 76 57
1075 1159 109 187 2 78 84
1150 1216 109 183 2 74 66
1222 1261 106 183 2 77 39
1300 1369 106 182 2 76 69
1597 1636 109 183 2 74 39
1648 1723 109 184 2 75 75
1726 1798 106 184 2 78 72
1807 1888 106 183 2 77 81
55 316 97 196 2 99 261
415 433 223 242 2 19 18
958 976 223 243 2 20 18
979 994 223 243 2 20 15
1060 1075 223 244 2 21 15
1078 1096 223 244 2 21 18
1156 1177 223 246 2 23 21
1198 1213 223 243 2 20 15
1216 1234 223 244 2 21 18
1336 1351 223 244 2 21 15
1354 1369 223 244 2 21 15
1372 1387 223 244 2 21 15
1390 1405 223 244 2 21 15
244 286 220 241 2 21 42
859 874 223 244 2 21 15
877 895 223 244 2 21 18
1000 1015 223 243 2 20 15
1036 1057 223 244 2 21 21
1255 1273 223 244 2 21 18
79 118 223 242 2 19 39
307 334 220 241 2 21 27
685 727 223 246 2 23 42
1099 1117 223 244 2 21 18
1135 1153 223 243 2 20 18
1696 1777 223 244 2 21 81
151 223 220 242 2 22 72
337 415 220 241 2 21 78
532 682 223 247 2 24 150
898 955 223 244 2 21 57
1237 1252 223 243 2 20 15
1294 1315 223 246 2 23 21
1792 1870 223 244 2 21 78
250 268 286 390 2 104 18
709 754 286 393 2 107 45
1234 1261 286 392 2 106 27
1357 1402 286 393 2 107 45
274 319 286 390 2 104 45
484 529 286 392 2 106 45
661 703 289 394 2 105 42
799 844 289 392 2 103 45
1102 1147 289 393 2 104 45
1261 1306 289 393 2 104 45
1309 1354 286 392 2 106 45
1555 1591 286 393 2 107 36
1684 1702 289 392 2 103 18
889 952 289 393 2 104 63
1765 1816 286 393 2 107 51
1405 1456 286 393 2 107 51
958 1054 286 394 2 108 96
1705 1759 286 393 2 107 54
619 655 286 392 2 106 36
1861 1906 286 394 2 108 45
205 244 286 392 2 106 39
1459 1498 286 393 2 107 39
55 103 289 394 2 105 48
106 148 286 394 2 108 42
157 199 286 394 2 108 42
535 577 286 394 2 108 42
844 886 289 394 2 105 42
1150 1189 289 395 2 106 39
1504 1546 286 394 2 108 42
1636 1678 289 394 2 105 42
2116 2200 424 485 2 61 84
220 280 430 484 2 54 60
76 184 433 488 2 55 108
490 502 457 483 2 26 12
343 385 457 482 2 25 42
502 514 466 484 2 18 12
187 208 433 486 2 53 21
394 418 457 482 2 25 24
457 481 460 483 2 23 24
517 535 460 483 2 23 18
955 973 460 484 2 24 18
421 454 457 483 2 26 33
538 562 466 484 2 18 24
1060 1081 466 484 2 18 21
1564 1600 457 500 2 43 36
907 952 460 484 2 24 45
1000 1057 460 484 2 24 57
1609 1822 457 510 2 53 213
1159 1252 457 501 2 44 93
1456 1555 457 501 2 44 99
1645 1672 511 555 2 44 27
196 217 529 560 2 31 21
1429 1447 529 557 2 28 18
2077 2107 529 559 2 30 30
55 67 532 564 2 32 12
595 616 532 562 2 30 21
703 715 532 562 2 30 12
778 808 532 562 2 30 30
1993 2008 535 559 2 24 15
160 172 538 563 2 25 12
220 232 538 560 2 22 12
235 250 538 560 2 22 15
619 634 538 562 2 24 15
103 130 532 563 2 31 27
1669 1714 511 556 2 45 45
1714 1750 529 556 2 27 36
2113 2152 526 559 2 33 39
1198 1246 514 557 2 43 48
1258 1420 511 557 2 46 162
1762 1864 511 563 2 52 102
250 310 535 567 2 32 60
718 763 538 562 2 24 45
811 847 538 569 2 31 36
1948 1990 529 560 2 31 42
2008 2071 526 559 2 33 63
2152 2203 526 560 2 34 51
130 157 532 563 2 31 27
649 703 532 563 2 31 54
1873 1888 568 610 2 42 15
1891 1912 568 610 2 42 21
1459 1486 568 612 2 44 27
1258 1285 568 612 2 44 27
1486 1507 586 612 2 26 21
1585 1612 568 612 2 44 27
1609 1648 583 612 2 29 39
1303 1342 568 612 2 44 39
1345 1393 586 621 2 35 48
1285 1303 586 612 2 26 18
1396 1453 568 613 2 45 57
1516 1579 568 612 2 44 63
1657 1777 568 621 2 53 120
1786 1861 568 620 2 52 75
1951 1969 607 632 2 25 18
151 163 610 635 2 25 12
247 262 610 634 2 24 15
1987 1999 607 632 2 25 12
55 70 613 638 2 25 15
2023 2053 607 632 2 25 30
2065 2086 607 632 2 25 21
85 100 619 637 2 18 15
289 310 616 634 2 18 21
598 634 610 636 2 26 36
751 775 613 636 2 23 24
778 796 619 637 2 18 18
2131 2203 607 632 2 25 72
181 226 616 635 2 19 45
799 853 610 636 2 26 54
637 691 619 643 2 24 54
1975 1987 646 669 2 23 12
121 136 649 673 2 24 15
2008 2029 643 670 2 27 21
220 235 646 670 2 24 15
604 619 649 673 2 24 15
670 682 655 673 2 18 12
718 730 655 673 2 18 12
811 823 655 673 2 18 12
2071 2092 643 669 2 26 21
685 703 655 673 2 18 18
2032 2056 652 669 2 17 24
175 196 649 672 2 23 21
652 670 649 673 2 24 18
763 778 649 673 2 24 15
139 172 655 673 2 18 33
2098 2170 643 676 2 33 72
70 97 649 675 2 26 27
1675 1690 700 717 2 17 15
598 610 715 732 2 17 12
106 118 718 736 2 18 12
808 856 712 732 2 20 48
2023 2053 712 731 2 19 30
157 178 715 735 2 20 21
2179 2206 709 732 2 23 27
1951 2005 712 732 2 20 54
2125 2161 709 731 2 22 36
613 697 718 736 2 18 84
715 790 712 733 2 21 75
2056 2107 712 736 2 24 51
55 91 718 737 2 19 36
121 145 718 736 2 18 24
190 253 715 734 2 19 63
268 310 715 736 2 21 42
652 664 739 758 2 19 12
2047 2062 739 757 2 18 15
802 826 739 758 2 19 24
1972 2029 739 758 2 19 57
73 97 745 763 2 18 24
142 175 742 764 2 22 33
100 127 745 763 2 18 27
2098 2185 736 757 2 21 87
745 775 739 759 2 20 30
202 277 742 761 2 19 75
2011 2023 763 784 2 21 12
634 646 766 784 2 18 12
193 205 769 787 2 18 12
1981 2005 763 783 2 20 24
646 685 769 788 2 19 39
688 703 766 784 2 18 15
763 790 766 784 2 18 27
2095 2170 763 784 2 21 75
160 178 769 787 2 18 18
718 739 766 784 2 18 21
793 811 769 788 2 19 18
2026 2089 763 784 2 21 63
220 238 769 787 2 18 18
238 268 769 787 2 18 30
88 148 769 789 2 20 60
16 28 808 826 2 18 12
2092 2209 817 834 2 17 117
2026 2059 892 909 2 17 33
1489 1522 892 922 2 30 33
1951 2077 946 963 2 17 126
331 346 979 996 2 17 15
370 391 982 999 2 17 21
394 415 988 1015 2 27 21
904 922 1018 1037 2 19 18
982 1003 1006 1034 2 28 21
1003 1015 1036 1053 2 17 12
877 901 1036 1053 2 17 24
1045 1063 1018 1053 2 35 18
1039 1084 1057 1075 2 18 45
370 397 1075 1094 2 19 27
877 925 1063 1091 2 28 48
2155 2209 1087 1104 2 17 54
433 445 1102 1129 2 27 12
877 895 1093 1110 2 17 18
931 1000 1096 1113 2 17 69
343 367 1114 1148 2 34 24
976 1015 1132 1151 2 19 39
877 925 1150 1167 2 17 48
994 1036 1150 1167 2 17 42
1681 1759 1162 1182 2 20 78
376 391 1186 1228 2 42 15
394 409 1186 1228 2 42 15
412 430 1186 1229 2 43 18
469 487 1186 1228 2 42 18
448 466 1186 1228 2 42 18
349 373 1186 1228 2 42 24
1897 1912 1216 1260 2 44 15
1270 1294 1222 1263 2 41 24
490 553 1186 1229 2 43 63
1510 1531 1237 1264 2 27 21
1531 1552 1237 1273 2 36 21
928 1045 1222 1266 2 44 117
1705 1822 1216 1263 2 47 117
1480 1510 1237 1264 2 27 30
1840 1855 1216 1261 2 45 15
1858 1894 1216 1260 2 44 36
1237 1255 1237 1264 2 27 18
1399 1480 1219 1273 2 54 81
1564 1624 1219 1263 2 44 60
907 925 1222 1266 2 44 18
1048 1081 1222 1266 2 44 33
1138 1234 1222 1264 2 42 96
1294 1384 1237 1264 2 27 90
475 490 1270 1299 2 29 15
358 370 1276 1298 2 22 12
493 505 1276 1299 2 23 12
1441 1459 1276 1295 2 19 18
1279 1297 1276 1295 2 19 18
325 355 1267 1298 2 31 30
544 574 1273 1299 2 26 30
373 415 1267 1298 2 31 42
430 463 1270 1298 2 28 33
508 544 1276 1299 2 23 36
1378 1417 1294 1329 2 35 39
1417 1438 1294 1329 2 35 21
1771 1795 1303 1335 2 32 24
1870 1891 1303 1336 2 33 21
1681 1699 1306 1336 2 30 18
1015 1042 1309 1339 2 30 27
1918 1939 1312 1334 2 22 21
988 1000 1315 1338 2 23 12
1162 1237 1276 1320 2 44 75
1300 1375 1276 1329 2 53 75
1501 1642 1276 1319 2 43 141
1114 1126 1318 1340 2 22 12
1735 1759 1312 1336 2 24 24
949 985 1309 1339 2 30 36
1081 1111 1318 1340 2 22 30
1699 1732 1312 1343 2 31 33
1795 1858 1312 1335 2 23 63
1891 1906 1312 1334 2 22 15
1180 1207 1333 1375 2 42 27
1234 1264 1333 1375 2 42 30
1603 1624 1333 1375 2 42 21
1627 1645 1333 1375 2 42 18
1648 1666 1333 1374 2 41 18
865 901 1309 1339 2 30 36
904 934 1309 1339 2 30 30
1498 1513 1336 1375 2 39 15
1045 1078 1318 1346 2 28 33
1528 1591 1333 1375 2 42 63
322 337 1348 1372 2 24 15
538 553 1348 1372 2 24 15
1207 1228 1348 1375 2 27 21
463 475 1354 1372 2 18 12
433 445 1357 1378 2 21 12
358 382 1348 1372 2 24 24
1453 1495 1330 1380 2 50 42
364 379 1387 1408 2 21 15
868 880 1387 1412 2 25 12
907 922 1390 1412 2 22 15
1021 1033 1390 1413 2 23 12
445 460 1393 1416 2 23 15
1966 2044 1384 1401 2 17 78
475 496 1393 1410 2 17 21
1069 1081 1396 1413 2 17 12
1099 1111 1396 1413 2 17 12
1816 1867 1384 1415 2 31 51
1753 1795 1384 1409 2 25 42
1684 1696 1387 1410 2 23 12
931 952 1396 1419 2 23 21
1834 1846 1420 1445 2 25 12
889 901 1426 1449 2 23 12
925 937 1426 1449 2 23 12
1786 1798 1429 1446 2 17 12
940 952 1432 1450 2 18 12
1708 1723 1423 1447 2 24 15
904 916 1432 1449 2 17 12
967 985 1429 1450 2 21 18
1036 1048 1426 1449 2 23 12
1726 1756 1423 1447 2 24 30
1075 1093 1426 1450 2 24 18
1849 1903 1429 1452 2 23 54
469 481 1450 1468 2 18 12
319 343 1450 1468 2 18 24
382 430 1450 1468 2 18 48
559 583 1450 1468 2 18 24
331 355 1474 1494 2 20 24
400 412 1474 1497 2 23 12
490 502 1474 1494 2 20 12
412 448 1474 1495 2 21 36
451 484 1474 1494 2 20 33
94 139 1477 1494 2 17 45
367 394 1474 1498 2 24 27
517 568 1474 1498 2 24 51
1903 1918 1486 1504 2 18 15
1681 1705 1486 1506 2 20 24
1795 1819 1486 1505 2 19 24
508 520 1501 1520 2 19 12
919 940 1492 1512 2 20 21
943 979 1492 1512 2 20 36
1093 1126 1492 1512 2 20 33
1828 1891 1486 1505 2 19 63
436 448 1501 1520 2 19 12
1714 1738 1486 1506 2 20 24
1750 1780 1486 1505 2 19 30
349 367 1501 1520 2 19 18
880 904 1492 1515 2 23 24
1009 1078 1492 1516 2 24 69
1768 1780 1513 1532 2 19 12
1912 1924 1513 1531 2 18 12
394 415 1501 1520 2 19 21
1033 1045 1519 1538 2 19 12
1732 1762 1513 1536 2 23 30
1873 1912 1513 1532 2 19 39
946 970 1519 1538 2 19 24
979 994 1519 1538 2 19 15
1006 1024 1525 1542 2 17 18
1078 1108 1519 1539 2 20 30
1825 1867 1513 1532 2 19 42
880 928 1519 1538 2 19 48
916 928 1546 1564 2 18 12
985 1000 1546 1564 2 18 15
1732 1753 1540 1559 2 19 21
1804 1834 1537 1558 2 21 30
1036 1057 1546 1565 2 19 21
1777 1801 1537 1560 2 23 24
1837 1885 1540 1561 2 21 48
103 142 1567 1584 2 17 39
2140 2176 1597 1615 2 18 36
2020 2068 1615 1632 2 17 48
1807 1870 1630 1648 2 18 63
2044 2065 1708 1725 2 17 21
1168 1180 1825 1851 2 26 12
1375 1396 1828 1851 2 23 21
1138 1168 1888 1932 2 44 30
1585 1600 1906 1931 2 25 15
1603 1618 1906 1931 2 25 15
1459 1477 1906 1931 2 25 18
1276 1336 1891 1932 2 41 60
1168 1261 1906 1932 2 26 93
1336 1393 1906 1932 2 26 57
1405 1459 1888 1932 2 44 54
1489 1582 1888 1932 2 44 93
1162 1186 1945 1988 2 43 24
1186 1225 1963 1988 2 25 39
1237 1282 1945 1988 2 43 45
1285 1372 1945 1988 2 43 87
1384 1420 1945 1987 2 42 36
1432 1534 1945 1988 2 43 102
1546 1636 1945 1988 2 43 90
1189 1213 2002 2043 2 41 24
1330 1342 2002 2043 2 41 12
1402 1414 2008 2044 2 36 12
1216 1234 2017 2044 2 27 18
1294 1309 2017 2044 2 27 15
625 643 2011 2033 2 22 18
1417 1456 2017 2043 2 26 39
1345 1402 2017 2044 2 27 57
1480 1573 2002 2043 2 41 93
1576 1666 2008 2043 2 35 90
1237 1291 2002 2044 2 42 54
691 706 2083 2127 2 44 15
712 727 2083 2127 2 44 15
652 688 2083 2127 2 44 36
748 766 2086 2127 2 41 18
625 649 2083 2126 2 43 24
730 748 2083 2128 2 45 18
769 784 2083 2128 2 45 15
787 802 2086 2127 2 41 15
805 820 2083 2127 2 44 15
787 805 2164 2188 2 24 18
754 766 2167 2188 2 21 12
808 823 2170 2189 2 19 15
706 733 2164 2188 2 24 27
826 847 2167 2190 2 23 21
595 607 2164 2188 2 24 12
610 628 2164 2188 2 24 18
640 673 2164 2188 2 24 33
778 790 2230 2248 2 18 12
637 652 2227 2244 2 17 15
805 820 2230 2248 2 18 15
649 685 2272 2292 2 20 36
907 922 2440 2482 2 42 15
925 943 2440 2482 2 42 18
1015 1048 2440 2482 2 42 33
1066 1084 2440 2482 2 42 18
985 1012 2440 2482 2 42 27
1996 2035 2446 2469 2 23 39
1048 1066 2440 2483 2 43 18
955 970 2440 2482 2 42 15
388 409 2494 2537 2 43 21
409 427 2494 2536 2 42 18
445 457 2494 2536 2 42 12
526 547 2494 2537 2 43 21
469 526 2494 2537 2 43 57
364 376 2494 2537 2 43 12
1030 1051 2518 2537 2 19 21
1948 1999 2518 2543 2 25 51
1093 1105 2539 2556 2 17 12
949 985 2539 2556 2 17 36
1003 1021 2539 2556 2 17 18
55 70 2566 2589 2 23 15
340 355 2593 2610 2 17 15
1564 1576 2599 2635 2 36 12
388 418 2593 2613 2 20 30
1138 1159 2593 2635 2 42 21
1576 1618 2593 2635 2 42 42
1159 1267 2608 2636 2 28 108
1291 1330 2593 2636 2 43 39
1333 1390 2593 2636 2 43 57
1414 1441 2593 2636 2 43 27
1465 1561 2593 2636 2 43 96
2041 2053 2653 2670 2 17 12
2089 2116 2653 2670 2 17 27
1396 1438 2650 2692 2 42 42
88 103 2677 2702 2 25 15
196 217 2677 2702 2 25 21
265 283 2683 2701 2 18 18
166 190 2677 2703 2 26 24
1189 1225 2650 2692 2 42 36
1246 1300 2650 2693 2 43 54
1459 1558 2650 2691 2 41 99
1582 1636 2650 2691 2 41 54
1636 1663 2650 2692 2 42 27
1300 1372 2665 2701 2 36 72
106 157 2686 2703 2 17 51
2044 2056 2713 2731 2 18 12
2074 2089 2713 2737 2 24 15
2119 2134 2713 2732 2 19 15
2059 2071 2713 2731 2 18 12
2134 2164 2713 2732 2 19 30
1984 2032 2713 2732 2 19 48
1816 1834 2824 2851 2 27 18
1855 1879 2824 2851 2 27 24
1675 1711 2824 2852 2 28 36
1762 1777 2836 2858 2 22 15
1882 1903 2833 2851 2 18 21
1714 1735 2833 2852 2 19 21
1696 1714 2863 2888 2 25 18
1846 1864 2863 2888 2 25 18
1864 1876 2872 2889 2 17 12
1714 1759 2872 2889 2 17 45
1768 1795 2860 2889 2 29 27
1798 1837 2863 2889 2 26 39
1879 1933 2863 2889 2 26 54
781 838 2938 2956 2 18 57
325 349 3025 3050 2 25 24
