1438 1507 1 13 1
1840 1870 16 22 1
1894 1939 16 191 1
1675 1705 19 24 1
1741 1756 19 23 1
91 121 31 36 1
244 274 31 35 1
364 394 31 36 1
397 427 31 35 1
430 460 31 35 1
1684 1720 31 40 1
1627 1654 31 41 1
1624 1633 52 63 1
1510 1558 52 62 1
1675 1708 52 62 1
1546 1561 73 82 1
1702 1720 73 83 1
1510 1543 94 102 1
1555 1576 94 102 1
1714 1729 97 106 1
1666 1678 97 107 1
1630 1645 97 108 1
1528 1540 106 115 1
1849 1870 112 126 1
1813 1843 112 126 1
1888 1915 112 126 1
1774 1792 115 126 1
1513 1525 127 136 1
1639 1660 127 135 1
1873 1882 136 145 1
1582 1600 145 155 1
1705 1723 145 153 1
1501 1546 145 155 1
1867 1882 151 161 1
1780 1795 154 161 1
1546 1564 169 179 1
1615 1627 169 178 1
1657 1669 169 178 1
1687 1702 166 178 1
1780 1798 172 178 1
1864 1903 166 178 1
268 289 172 186 1
220 241 172 185 1
1558 1588 187 193 1
1657 1675 187 192 1
1711 1729 187 191 1
1732 1759 181 191 1
1765 1795 187 192 1
1798 1828 187 192 1
1831 1861 187 192 1
178 208 196 201 1
211 241 196 201 1
244 274 196 201 1
277 295 196 201 1
385 415 196 201 1
1624 1642 202 206 1
1678 1708 202 206 1
1810 1828 202 206 1
1843 1861 202 206 1
1864 1894 202 206 1
1057 1087 205 212 1
1003 1033 208 213 1
88 106 211 218 1
187 217 211 218 1
406 436 211 217 1
472 490 211 216 1
493 520 211 216 1
655 685 211 215 1
1645 1672 295 320 1
1690 1801 298 366 1
1648 1669 328 343 1
1750 1762 358 369 1
1684 1699 373 381 1
1774 1816 367 396 1
1627 1669 406 424 1
1804 1813 424 430 1
1816 1825 424 432 1
1291 1303 550 561 1
1333 1351 553 562 1
1363 1372 550 561 1
1120 1138 553 564 1
808 823 559 567 1
67 91 562 572 1
484 511 562 570 1
553 571 562 569 1
598 616 562 569 1
670 682 562 568 1
727 745 562 568 1
766 784 562 567 1
181 199 562 571 1
370 388 559 570 1
427 436 562 570 1
55 178 562 612 1
1135 1147 568 576 1
1231 1243 568 574 1
1282 1306 565 576 1
1330 1339 565 574 1
1342 1351 568 576 1
940 952 568 578 1
1030 1048 568 579 1
1099 1111 568 578 1
577 592 574 583 1
769 790 571 580 1
889 898 568 579 1
163 211 577 611 1
283 301 574 583 1
31 52 577 585 1
445 460 577 585 1
1294 1312 580 589 1
1171 1180 577 588 1
502 514 586 595 1
646 676 583 596 1
718 730 586 595 1
790 808 586 593 1
814 826 586 592 1
859 901 583 594 1
991 1015 580 592 1
1024 1033 583 592 1
31 43 589 598 1
313 349 586 610 1
811 847 595 619 1
1306 1324 592 600 1
862 895 595 606 1
979 988 595 603 1
1051 1099 583 602 1
445 460 598 610 1
598 613 598 608 1
640 658 601 608 1
667 685 601 608 1
793 805 598 605 1
136 154 604 610 1
268 301 601 608 1
394 430 598 613 1
1114 1123 607 614 1
850 859 607 617 1
1048 1072 604 615 1
1132 1147 607 614 1
1252 1279 610 616 1
1315 1366 607 629 1
436 445 613 622 1
484 502 610 620 1
529 559 601 620 1
730 739 610 618 1
46 97 616 650 1
100 118 616 623 1
322 340 613 623 1
961 988 622 641 1
1006 1024 619 631 1
1042 1057 622 628 1
1069 1084 622 628 1
1090 1105 619 629 1
1210 1222 619 629 1
1246 1264 622 629 1
1285 1294 619 628 1
571 589 625 635 1
655 667 625 634 1
712 724 622 631 1
766 775 622 631 1
1171 1183 622 629 1
211 226 625 634 1
328 343 628 634 1
379 409 625 635 1
127 154 613 635 1
1132 1147 634 640 1
1180 1204 631 643 1
1261 1270 634 643 1
1273 1312 634 653 1
1348 1357 634 640 1
901 913 634 642 1
103 121 637 648 1
202 226 640 647 1
367 403 637 649 1
484 493 640 646 1
532 544 640 646 1
124 142 640 650 1
172 184 637 647 1
262 280 637 647 1
307 352 637 649 1
1060 1081 646 653 1
1360 1369 643 653 1
940 952 643 656 1
1246 1261 646 656 1
1015 1075 655 680 1
1111 1123 655 665 1
1171 1189 661 666 1
1201 1225 658 666 1
1228 1264 658 666 1
1171 1189 670 681 1
1201 1234 673 680 1
1210 1306 670 696 1
1084 1096 679 691 1
961 979 682 718 1
991 1003 685 692 1
1015 1054 682 703 1
1057 1072 685 691 1
1189 1201 688 696 1
988 1024 694 705 1
1063 1072 697 706 1
940 952 694 705 1
1075 1084 694 705 1
1171 1186 700 706 1
1195 1216 700 706 1
1324 1336 697 707 1
1339 1360 694 705 1
1006 1024 706 718 1
1087 1105 706 716 1
1129 1141 718 729 1
1333 1360 715 742 1
940 979 721 732 1
1039 1063 721 745 1
1171 1243 724 741 1
1282 1309 718 742 1
1072 1087 736 744 1
1096 1114 733 742 1
1546 1570 742 757 1
88 103 754 761 1
106 139 751 782 1
73 82 760 769 1
1753 1771 766 775 1
1789 1810 763 775 1
1639 1654 763 775 1
1813 1897 766 823 1
1912 1933 763 790 1
886 898 781 790 1
1744 1759 781 790 1
1762 1783 778 790 1
1753 1777 793 818 1
1648 1669 793 808 1
1672 1693 793 819 1
28 49 802 832 1
1726 1735 811 821 1
1753 1768 823 848 1
1786 1801 823 834 1
1843 1867 811 833 1
1873 1930 793 833 1
268 286 826 856 1
1795 1810 838 847 1
1918 1930 838 849 1
1675 1735 835 890 1
1771 1792 838 848 1
1825 1843 838 847 1
904 916 844 853 1
163 187 829 855 1
874 892 844 856 1
34 43 853 862 1
1831 1861 853 862 1
1909 1930 850 862 1
1789 1804 850 861 1
1639 1669 838 880 1
1738 1768 868 877 1
1771 1795 865 880 1
1864 1894 862 877 1
1912 1933 868 877 1
1639 1693 883 922 1
1720 1732 883 891 1
1834 1846 868 890 1
1909 1933 880 890 1
538 577 871 900 1
379 403 886 905 1
1741 1753 892 907 1
1879 1897 895 907 1
1819 1870 892 917 1
1909 1924 895 932 1
604 625 922 934 1
1735 1798 925 946 1
1783 1807 922 933 1
1810 1855 922 933 1
1858 1873 925 931 1
1888 1903 937 946 1
1807 1828 937 946 1
1846 1870 934 947 1
1912 1933 934 946 1
1723 1768 949 990 1
1843 1867 952 975 1
970 985 952 963 1
1042 1063 952 975 1
1090 1102 952 962 1
1234 1252 955 963 1
1288 1303 952 962 1
1327 1369 952 961 1
1465 1477 952 960 1
1480 1507 952 961 1
1870 1918 952 990 1
1129 1138 964 975 1
1261 1273 967 974 1
1300 1321 964 976 1
1459 1474 964 974 1
1573 1606 967 974 1
1648 1663 967 975 1
1801 1813 967 974 1
958 988 970 976 1
1015 1024 967 976 1
1075 1120 964 980 1
1171 1189 979 989 1
1204 1228 976 987 1
1312 1330 979 987 1
1411 1429 979 988 1
1438 1453 979 987 1
1468 1483 976 986 1
1672 1687 979 990 1
967 1012 979 990 1
1036 1069 982 1001 1
1552 1579 979 987 1
1528 1537 988 998 1
1003 1012 994 1001 1
1432 1459 991 1001 1
1582 1606 1000 1013 1
1552 1573 1006 1011 1
973 991 1009 1015 1
1045 1069 1009 1015 1
1507 1522 1015 1024 1
1399 1420 1018 1024 1
1561 1600 1015 1026 1
940 958 1018 1030 1
1060 1075 1018 1027 1
1399 1411 1027 1038 1
1462 1471 1027 1037 1
1522 1540 1027 1039 1
982 1006 1036 1042 1
1039 1051 1033 1042 1
1594 1606 1039 1050 1
1453 1465 1042 1052 1
1525 1552 1042 1051 1
1312 1342 1045 1054 1
1423 1450 1042 1051 1
973 997 1048 1068 1
1222 1240 1048 1055 1
1528 1540 1054 1064 1
1591 1606 1057 1061 1
1096 1123 1057 1067 1
1201 1222 1060 1068 1
1336 1357 1057 1064 1
1033 1060 1057 1069 1
1135 1147 1069 1079 1
1180 1201 1072 1079 1
1267 1294 1069 1080 1
1303 1315 1072 1078 1
1348 1372 1069 1079 1
1033 1045 1075 1082 1
1054 1066 1075 1081 1
1108 1117 1072 1079 1
1444 1456 1081 1088 1
1537 1549 1078 1088 1
1588 1603 1078 1088 1
1459 1483 1078 1088 1
1351 1366 1090 1096 1
1486 1498 1093 1103 1
1513 1549 1093 1101 1
1216 1234 1105 1119 1
1414 1441 1105 1114 1
1447 1459 1108 1114 1
1474 1498 1105 1114 1
1546 1564 1108 1115 1
1567 1582 1096 1113 1
1585 1597 1105 1115 1
1426 1438 1120 1127 1
1441 1453 1120 1128 1
1540 1555 1117 1126 1
1588 1606 1117 1125 1
1453 1483 1129 1156 1
1489 1534 1132 1167 1
1399 1411 1129 1139 1
1555 1564 1132 1139 1
1549 1579 1132 1152 1
1756 1774 1147 1156 1
1855 1873 1150 1156 1
1546 1561 1156 1165 1
1657 1675 1162 1171 1
1789 1831 1150 1194 1
1912 1921 1159 1170 1
1858 1912 1159 1197 1
1507 1516 1171 1179 1
1519 1537 1168 1179 1
1540 1558 1171 1177 1
1672 1684 1174 1183 1
1708 1768 1159 1183 1
1483 1492 1180 1189 1
1588 1600 1183 1189 1
1723 1732 1183 1194 1
1420 1447 1183 1203 1
1486 1498 1195 1203 1
1549 1582 1192 1203 1
1507 1522 1195 1203 1
1531 1540 1192 1203 1
814 826 1210 1219 1
1420 1429 1210 1215 1
1504 1543 1207 1217 1
445 460 1213 1223 1
670 682 1213 1220 1
775 796 1207 1219 1
34 49 1213 1226 1
58 73 1213 1226 1
124 133 1216 1225 1
148 160 1213 1225 1
178 190 1213 1226 1
223 247 1216 1224 1
376 391 1210 1223 1
76 88 1216 1225 1
91 103 1216 1225 1
253 268 1213 1223 1
1522 1540 1222 1230 1
1543 1555 1222 1228 1
739 751 1225 1234 1
754 766 1225 1234 1
520 541 1225 1236 1
661 676 1228 1234 1
202 217 1228 1239 1
394 403 1228 1237 1
574 589 1228 1235 1
175 184 1228 1240 1
226 280 1225 1240 1
1426 1441 1234 1253 1
1450 1477 1243 1254 1
1555 1579 1243 1253 1
1582 1594 1246 1253 1
808 820 1258 1278 1
868 880 1258 1271 1
1411 1423 1255 1266 1
154 163 1261 1275 1
211 232 1261 1275 1
634 649 1261 1269 1
664 688 1261 1267 1
766 790 1258 1267 1
883 904 1255 1268 1
1459 1474 1258 1266 1
1477 1513 1258 1268 1
307 331 1261 1274 1
559 583 1267 1282 1
736 748 1273 1279 1
844 859 1258 1278 1
1471 1489 1270 1279 1
1507 1531 1270 1280 1
985 997 1273 1281 1
865 877 1282 1293 1
880 892 1285 1293 1
1486 1498 1282 1293 1
1522 1537 1282 1292 1
1570 1585 1279 1304 1
538 547 1288 1294 1
619 646 1270 1293 1
712 724 1285 1292 1
1456 1474 1297 1304 1
511 523 1300 1307 1
541 556 1297 1306 1
610 622 1300 1307 1
637 649 1300 1305 1
1471 1495 1294 1318 1
763 802 1306 1318 1
1399 1408 1309 1317 1
1504 1516 1306 1316 1
1540 1558 1297 1316 1
511 529 1309 1321 1
535 553 1309 1319 1
619 646 1312 1332 1
1051 1066 1321 1328 1
1411 1432 1285 1330 1
1540 1573 1318 1331 1
748 766 1321 1330 1
1261 1282 1318 1338 1
751 790 1336 1357 1
829 859 1336 1344 1
862 919 1333 1355 1
1441 1474 1336 1342 1
481 496 1339 1348 1
622 631 1339 1344 1
1570 1582 1336 1344 1
1462 1498 1345 1357 1
1528 1567 1345 1360 1
1444 1477 1360 1369 1
1480 1498 1360 1367 1
526 538 1363 1371 1
577 589 1363 1370 1
727 739 1363 1369 1
772 784 1363 1369 1
805 814 1363 1368 1
826 856 1357 1369 1
904 919 1360 1369 1
1408 1417 1360 1367 1
1429 1441 1348 1367 1
544 559 1360 1370 1
1501 1522 1369 1382 1
1531 1552 1369 1380 1
1591 1606 1360 1380 1
763 775 1372 1381 1
835 853 1375 1382 1
532 556 1378 1384 1
568 580 1378 1385 1
1438 1495 1384 1396 1
733 799 1387 1420 1
796 814 1387 1394 1
817 832 1384 1394 1
1420 1429 1387 1393 1
1531 1561 1387 1395 1
511 529 1387 1399 1
565 580 1387 1396 1
610 628 1390 1398 1
1564 1576 1387 1395 1
667 688 1387 1397 1
820 865 1399 1422 1
574 586 1402 1409 1
589 601 1402 1410 1
604 634 1399 1409 1
733 742 1402 1407 1
901 919 1399 1406 1
1471 1492 1399 1418 1
535 553 1402 1411 1
964 976 1405 1415 1
1033 1048 1405 1414 1
1123 1165 1402 1413 1
1237 1267 1402 1442 1
1300 1315 1399 1412 1
952 961 1405 1414 1
1066 1081 1402 1414 1
1177 1186 1402 1418 1
607 625 1414 1422 1
628 640 1414 1422 1
712 736 1411 1422 1
520 538 1414 1424 1
643 655 1414 1421 1
970 991 1420 1443 1
1009 1021 1417 1429 1
1042 1060 1420 1433 1
1090 1111 1417 1432 1
1576 1588 1423 1433 1
562 577 1426 1434 1
736 748 1426 1433 1
862 889 1426 1433 1
910 919 1426 1431 1
1114 1135 1420 1431 1
1411 1426 1423 1432 1
1435 1447 1426 1433 1
1492 1510 1423 1433 1
526 550 1426 1436 1
580 598 1429 1436 1
610 643 1426 1435 1
268 304 1432 1443 1
307 340 1432 1443 1
412 427 1429 1442 1
1162 1177 1432 1442 1
106 136 1432 1445 1
142 223 1432 1445 1
229 259 1432 1443 1
346 358 1435 1443 1
367 388 1429 1442 1
1000 1012 1432 1445 1
1036 1054 1435 1456 1
1126 1141 1435 1443 1
1198 1228 1432 1455 1
1552 1564 1435 1444 1
391 409 1429 1442 1
772 820 1438 1446 1
889 901 1438 1444 1
1297 1312 1432 1455 1
1582 1597 1438 1445 1
37 85 1429 1446 1
502 511 1438 1448 1
568 583 1441 1446 1
652 685 1438 1448 1
724 742 1438 1446 1
1126 1138 1447 1458 1
1219 1264 1444 1456 1
1315 1342 1429 1455 1
1495 1510 1447 1457 1
781 796 1450 1458 1
823 841 1450 1458 1
850 865 1450 1459 1
883 895 1447 1459 1
1006 1021 1450 1457 1
1111 1123 1444 1458 1
1513 1522 1450 1458 1
1534 1606 1447 1483 1
574 601 1453 1460 1
613 637 1453 1461 1
298 316 1465 1473 1
355 394 1462 1471 1
430 454 1462 1482 1
1453 1498 1459 1482 1
70 100 1462 1476 1
124 145 1477 1486 1
304 319 1474 1484 1
46 58 1480 1487 1
292 304 1486 1498 1
340 349 1486 1496 1
430 454 1486 1497 1
1486 1498 1486 1495 1
1507 1519 1489 1497 1
1528 1546 1486 1497 1
1555 1573 1489 1495 1
1582 1606 1489 1497 1
133 151 1489 1498 1
157 229 1465 1500 1
1408 1420 1498 1507 1
1429 1456 1501 1507 1
310 325 1498 1508 1
52 106 1489 1525 1
124 154 1504 1511 1
394 406 1513 1520 1
409 430 1510 1522 1
148 166 1516 1525 1
175 193 1516 1525 1
286 304 1513 1522 1
115 139 1516 1523 1
1468 1510 1516 1529 1
1576 1585 1519 1529 1
1537 1561 1516 1529 1
133 172 1528 1535 1
178 229 1528 1550 1
253 283 1528 1534 1
337 361 1525 1534 1
43 70 1531 1538 1
148 169 1540 1549 1
268 295 1537 1549 1
22 43 1543 1552 1
127 145 1543 1550 1
310 328 1540 1549 1
1447 1471 1543 1550 1
1480 1501 1543 1550 1
58 85 1540 1563 1
259 271 1552 1559 1
376 394 1552 1558 1
403 427 1552 1559 1
22 40 1555 1562 1
175 199 1552 1562 1
274 286 1552 1559 1
1399 1417 1552 1573 1
442 457 1564 1570 1
103 136 1567 1575 1
277 289 1561 1571 1
82 97 1567 1576 1
1429 1513 1552 1587 1
1531 1546 1567 1587 1
139 148 1576 1586 1
169 178 1579 1586 1
259 277 1576 1584 1
286 337 1573 1596 1
1558 1606 1564 1589 1
31 49 1579 1589 1
1420 1435 1579 1587 1
319 337 1585 1597 1
397 409 1585 1598 1
427 457 1585 1620 1
76 97 1579 1601 1
130 151 1588 1612 1
154 184 1588 1612 1
1399 1417 1594 1600 1
1426 1438 1591 1602 1
1477 1504 1594 1628 1
1543 1555 1594 1601 1
361 373 1600 1608 1
205 229 1603 1612 1
271 304 1600 1611 1
103 121 1603 1612 1
1564 1576 1606 1615 1
1399 1426 1603 1624 1
1429 1474 1606 1626 1
259 268 1615 1622 1
280 292 1615 1621 1
409 427 1615 1623 1
58 70 1618 1624 1
154 163 1618 1624 1
196 205 1615 1627 1
1507 1519 1618 1626 1
1522 1537 1618 1631 1
310 358 1615 1633 1
109 118 1630 1637 1
145 172 1630 1636 1
184 202 1630 1638 1
250 289 1624 1634 1
46 61 1630 1638 1
67 82 1627 1637 1
1465 1489 1630 1639 1
1534 1546 1633 1638 1
334 352 1636 1648 1
367 394 1639 1647 1
250 271 1639 1647 1
1399 1417 1645 1653 1
1420 1450 1642 1651 1
1477 1489 1645 1651 1
289 307 1636 1659 1
370 394 1648 1658 1
412 424 1651 1658 1
430 457 1651 1673 1
151 163 1654 1666 1
1399 1411 1657 1669 1
1432 1462 1657 1666 1
1513 1525 1654 1664 1
373 403 1660 1672 1
412 424 1660 1673 1
283 292 1666 1672 1
259 268 1666 1675 1
316 325 1666 1674 1
22 52 1660 1692 1
145 157 1672 1680 1
166 178 1672 1680 1
1399 1426 1672 1679 1
1576 1594 1672 1677 1
286 301 1678 1687 1
304 316 1678 1685 1
361 373 1678 1686 1
139 157 1684 1691 1
1408 1417 1684 1692 1
79 115 1681 1693 1
304 340 1687 1710 1
346 373 1690 1699 1
382 391 1687 1696 1
124 145 1693 1716 1
214 223 1696 1702 1
37 55 1696 1705 1
1525 1555 1699 1718 1
1561 1573 1696 1706 1
427 445 1702 1709 1
250 268 1696 1710 1
328 349 1705 1710 1
1240 1252 1705 1712 1
1630 1642 1708 1716 1
1657 1669 1705 1718 1
175 220 1705 1741 1
1774 1792 1705 1716 1
835 853 1714 1732 1
910 931 1714 1731 1
1015 1033 1711 1728 1
1144 1162 1711 1728 1
250 271 1717 1723 1
310 322 1714 1722 1
727 745 1717 1734 1
1720 1732 1720 1730 1
1924 1942 1705 1741 1
22 34 1723 1730 1
139 160 1723 1729 1
1594 1606 1723 1732 1
433 445 1726 1736 1
964 982 1714 1732 1
1399 1420 1708 1732 1
1453 1486 1723 1733 1
1567 1585 1726 1731 1
49 112 1720 1743 1
1759 1768 1729 1743 1
1828 1894 1708 1741 1
22 40 1735 1756 1
136 172 1735 1743 1
1666 1678 1732 1743 1
1687 1696 1732 1741 1
1435 1459 1735 1745 1
271 283 1738 1750 1
430 457 1741 1749 1
1588 1600 1735 1745 1
154 175 1744 1754 1
190 217 1747 1755 1
1654 1669 1747 1755 1
1678 1696 1747 1755 1
1777 1804 1732 1754 1
52 76 1744 1756 1
1492 1516 1747 1771 1
397 409 1753 1762 1
1324 1363 1750 1776 1
301 328 1753 1762 1
1006 1018 1756 1764 1
1087 1099 1756 1763 1
1201 1213 1753 1762 1
1297 1312 1753 1762 1
52 64 1759 1768 1
73 100 1759 1770 1
145 166 1756 1766 1
178 196 1759 1768 1
496 508 1759 1768 1
547 559 1759 1768 1
895 913 1759 1764 1
940 961 1753 1764 1
1117 1135 1756 1765 1
1507 1585 1759 1782 1
1660 1675 1759 1768 1
1756 1765 1759 1765 1
22 43 1762 1768 1
109 136 1759 1767 1
1594 1606 1759 1770 1
319 337 1765 1775 1
403 421 1765 1774 1
424 442 1762 1772 1
355 382 1765 1773 1
1177 1186 1765 1775 1
1282 1303 1768 1774 1
184 217 1771 1791 1
781 808 1771 1777 1
1006 1033 1771 1777 1
1630 1648 1768 1779 1
1669 1681 1771 1780 1
37 82 1771 1780 1
577 586 1774 1782 1
670 682 1774 1779 1
1399 1414 1762 1782 1
1426 1489 1750 1783 1
292 310 1780 1786 1
334 346 1780 1788 1
1171 1195 1780 1793 1
1219 1234 1777 1798 1
1276 1288 1777 1787 1
733 763 1783 1792 1
823 844 1783 1792 1
907 919 1783 1789 1
955 970 1768 1789 1
1018 1036 1783 1789 1
1240 1264 1780 1800 1
22 37 1786 1795 1
55 76 1786 1793 1
154 178 1786 1794 1
520 532 1786 1794 1
547 556 1783 1793 1
592 619 1774 1792 1
481 499 1783 1795 1
1399 1417 1786 1795 1
418 442 1777 1797 1
712 724 1795 1803 1
745 757 1795 1804 1
961 985 1795 1804 1
1078 1108 1792 1804 1
100 118 1795 1806 1
589 601 1798 1807 1
604 616 1798 1806 1
895 913 1795 1803 1
22 52 1798 1811 1
418 430 1801 1812 1
1486 1498 1804 1811 1
1552 1567 1801 1813 1
1177 1201 1807 1813 1
1255 1297 1804 1814 1
1300 1324 1792 1814 1
1360 1378 1804 1811 1
1414 1444 1801 1811 1
1582 1606 1801 1811 1
517 529 1813 1819 1
259 277 1816 1826 1
349 370 1804 1825 1
373 391 1816 1825 1
415 433 1816 1825 1
1171 1195 1819 1828 1
1261 1276 1816 1825 1
1291 1309 1819 1827 1
1348 1378 1816 1826 1
1399 1441 1813 1824 1
73 82 1825 1835 1
115 136 1822 1833 1
532 553 1825 1834 1
1486 1498 1828 1837 1
1192 1216 1831 1841 1
1312 1321 1831 1840 1
1363 1375 1828 1837 1
1408 1417 1831 1837 1
1420 1444 1831 1839 1
1453 1468 1831 1837 1
1522 1546 1828 1837 1
166 193 1825 1845 1
580 598 1837 1844 1
31 52 1837 1846 1
481 493 1840 1845 1
250 271 1843 1849 1
346 373 1840 1850 1
376 388 1843 1849 1
439 457 1837 1850 1
1273 1291 1840 1850 1
1294 1309 1840 1850 1
1510 1534 1840 1850 1
1594 1606 1840 1850 1
190 229 1834 1872 1
577 595 1846 1857 1
610 619 1846 1858 1
649 664 1837 1856 1
73 100 1849 1860 1
250 328 1855 1900 1
430 442 1855 1860 1
1426 1435 1855 1864 1
1471 1492 1852 1875 1
1582 1606 1852 1873 1
1243 1276 1855 1863 1
1297 1351 1852 1877 1
109 127 1864 1870 1
505 517 1864 1872 1
622 640 1861 1869 1
352 361 1864 1874 1
448 457 1864 1873 1
1489 1501 1864 1875 1
322 340 1864 1874 1
1249 1261 1867 1876 1
1534 1552 1870 1875 1
676 688 1873 1881 1
94 115 1873 1883 1
118 139 1873 1883 1
163 175 1873 1884 1
487 538 1873 1910 1
637 652 1876 1881 1
898 919 1870 1885 1
418 430 1876 1886 1
1201 1219 1882 1889 1
1294 1312 1882 1890 1
331 358 1879 1903 1
1258 1270 1882 1889 1
1579 1588 1882 1900 1
121 196 1885 1925 1
481 493 1885 1896 1
640 652 1888 1896 1
400 418 1891 1901 1
439 460 1888 1909 1
364 391 1891 1901 1
1261 1327 1891 1915 1
1486 1501 1894 1913 1
1540 1561 1894 1901 1
1684 1705 1894 1903 1
1717 1738 1891 1903 1
1819 1852 1894 1903 1
1864 1876 1897 1905 1
1888 1900 1891 1903 1
1918 1939 1897 1903 1
22 46 1903 1911 1
253 271 1903 1912 1
1351 1378 1906 1914 1
1414 1426 1906 1915 1
1444 1456 1906 1915 1
1630 1639 1906 1916 1
1684 1699 1909 1929 1
1774 1819 1909 1939 1
1930 1942 1906 1915 1
43 82 1912 1923 1
100 112 1915 1921 1
22 40 1912 1923 1
214 223 1909 1924 1
286 361 1918 1951 1
328 337 1918 1924 1
1333 1360 1918 1927 1
1252 1264 1921 1929 1
1429 1441 1921 1929 1
1525 1549 1921 1930 1
1714 1747 1906 1930 1
1831 1858 1909 1942 1
1492 1507 1921 1929 1
1579 1594 1921 1932 1
1669 1681 1921 1929 1
55 73 1924 1935 1
91 106 1924 1934 1
151 178 1927 1933 1
208 229 1927 1933 1
517 529 1924 1934 1
577 601 1924 1935 1
22 82 1924 1961 1
481 502 1924 1939 1
259 277 1930 1938 1
1327 1339 1933 1939 1
1345 1360 1930 1941 1
1759 1771 1933 1942 1
1864 1885 1930 1941 1
1891 1942 1921 1945 1
1171 1183 1933 1943 1
1417 1426 1936 1942 1
1681 1693 1936 1942 1
85 112 1939 1948 1
169 178 1936 1946 1
544 583 1936 1948 1
634 658 1936 1945 1
286 298 1939 1951 1
382 394 1942 1950 1
403 418 1939 1949 1
1312 1339 1945 1954 1
1516 1534 1945 1954 1
1408 1420 1948 1954 1
1537 1555 1948 1957 1
1597 1606 1948 1955 1
1630 1660 1945 1954 1
1723 1735 1945 1956 1
130 139 1951 1961 1
379 397 1954 1962 1
265 298 1954 1963 1
325 352 1954 1963 1
1177 1198 1960 1979 1
1399 1426 1960 1969 1
1429 1438 1957 1967 1
1690 1723 1957 1967 1
1744 1777 1948 1967 1
1840 1864 1960 1980 1
670 688 1963 1975 1
1516 1549 1957 1981 1
43 58 1966 1981 1
61 100 1963 1986 1
109 151 1963 1972 1
154 223 1951 1971 1
496 535 1963 1975 1
592 616 1966 1973 1
274 286 1969 1977 1
310 319 1969 1975 1
346 355 1969 1975 1
1171 1180 1969 1979 1
1399 1432 1972 1981 1
1783 1795 1972 1980 1
1876 1915 1960 1982 1
1633 1654 1972 1979 1
1687 1696 1972 1979 1
436 451 1978 1986 1
496 508 1978 1987 1
607 628 1975 1985 1
328 355 1981 1987 1
1252 1267 1981 1991 1
1330 1339 1984 1993 1
1195 1222 1984 1994 1
22 79 1987 2011 1
118 145 1987 2009 1
1447 1459 1990 1996 1
253 289 1978 2002 1
292 304 1993 2000 1
541 565 1990 2000 1
1303 1315 1993 2003 1
1357 1372 1993 2005 1
1171 1183 1999 2006 1
1246 1264 1999 2005 1
1273 1282 1996 2005 1
1429 1450 1999 2009 1
169 181 2002 2011 1
625 643 1999 2009 1
1486 1501 1999 2009 1
1549 1567 1999 2010 1
22 40 2002 2012 1
1291 1300 1996 2016 1
1582 1603 2002 2010 1
1219 1237 2008 2018 1
1270 1282 2011 2016 1
1354 1366 2008 2015 1
49 70 2014 2023 1
91 127 2011 2024 1
670 688 2014 2027 1
1426 1438 2011 2022 1
1558 1570 2014 2022 1
22 40 2014 2025 1
250 322 2011 2032 1
490 502 2017 2026 1
583 607 2017 2024 1
1498 1519 2011 2022 1
1264 1276 2020 2030 1
1225 1252 2020 2031 1
1297 1309 2023 2030 1
1318 1339 1996 2029 1
1366 1378 2023 2031 1
133 160 2011 2036 1
184 193 2026 2034 1
358 397 2008 2036 1
439 460 2023 2034 1
22 46 2029 2037 1
82 109 2029 2037 1
112 124 2029 2037 1
514 547 2026 2039 1
673 688 2029 2036 1
1546 1564 2026 2035 1
1636 1657 2023 2052 1
562 583 2041 2051 1
1399 1438 2038 2049 1
1447 1471 2038 2048 1
1510 1525 2038 2049 1
508 532 2041 2051 1
1285 1324 2032 2057 1
1066 1087 2047 2059 1
1171 1195 2050 2059 1
1474 1483 2053 2061 1
1555 1579 2053 2063 1
502 532 2053 2064 1
637 661 2053 2061 1
664 682 2050 2071 1
1495 1525 2050 2073 1
136 166 2059 2073 1
244 259 2059 2072 1
280 298 2059 2071 1
331 340 2059 2071 1
1342 1360 2059 2067 1
205 220 2059 2072 1
1213 1240 2062 2069 1
1249 1258 2062 2068 1
1282 1294 2062 2068 1
1303 1333 2062 2068 1
1408 1441 2062 2086 1
1444 1459 2065 2073 1
556 568 2053 2074 1
583 595 2068 2074 1
481 496 2068 2076 1
499 514 2068 2077 1
1264 1282 2074 2083 1
1300 1312 2071 2081 1
553 565 2080 2088 1
631 643 2080 2087 1
667 679 2077 2086 1
1474 1486 2077 2086 1
1519 1537 2077 2086 1
1555 1585 2077 2087 1
1279 1297 2086 2095 1
481 493 2095 2103 1
547 556 2095 2101 1
646 655 2101 2111 1
1195 1225 2101 2110 1
1258 1294 2098 2111 1
1456 1480 2101 2111 1
421 439 2095 2113 1
532 544 2107 2113 1
1429 1441 2104 2111 1
1549 1579 2089 2111 1
1582 1594 2104 2112 1
1246 1279 2113 2122 1
1309 1321 2116 2123 1
1336 1345 2113 2121 1
508 529 2116 2126 1
538 550 2119 2126 1
559 583 2119 2127 1
622 640 2104 2125 1
1435 1453 2119 2124 1
481 499 2116 2128 1
1351 1378 2128 2135 1
1567 1579 2128 2140 1
202 214 2131 2140 1
217 229 2131 2141 1
367 379 2131 2138 1
493 505 2131 2138 1
529 541 2128 2138 1
568 586 2128 2138 1
607 628 2128 2139 1
1498 1519 2128 2140 1
67 106 2131 2140 1
181 199 2131 2141 1
253 265 2131 2139 1
1543 1558 2128 2140 1
1198 1213 2137 2147 1
1222 1252 2137 2149 1
670 682 2143 2149 1
1171 1183 2143 2148 1
64 76 2146 2153 1
496 508 2143 2152 1
556 571 2140 2150 1
1261 1288 2137 2165 1
1684 1696 2155 2171 1
1804 1816 2155 2171 1
1903 1915 2155 2171 1
139 160 2155 2165 1
202 217 2158 2177 1
391 409 2158 2163 1
502 520 2158 2176 1
541 553 2158 2163 1
556 565 2158 2163 1
667 676 2155 2162 1
1699 1720 2155 2171 1
1867 1879 2155 2171 1
64 94 2158 2166 1
1333 1351 2164 2173 1
1498 1516 2158 2174 1
1543 1558 2161 2174 1
1171 1225 2167 2187 1
1210 1228 2164 2173 1
1771 1801 2155 2171 1
1825 1840 2155 2171 1
1888 1900 2155 2171 1
55 67 2167 2179 1
70 91 2170 2178 1
136 157 2170 2180 1
268 286 2167 2177 1
340 352 2167 2177 1
220 229 2173 2177 1
355 382 2170 2178 1
1273 1297 2176 2186 1
1771 1780 2176 2193 1
1231 1243 2179 2185 1
1369 1378 2176 2184 1
55 67 2182 2191 1
283 301 2182 2189 1
343 355 2182 2190 1
358 382 2182 2191 1
502 511 2179 2189 1
631 643 2182 2187 1
1795 1810 2176 2193 1
1843 1852 2176 2192 1
1855 1879 2176 2194 1
97 109 2182 2191 1
130 160 2182 2191 1
196 217 2182 2192 1
1510 1540 2176 2191 1
1297 1318 2188 2209 1
1348 1360 2191 2199 1
493 529 2191 2204 1
568 580 2191 2203 1
664 679 2191 2201 1
1171 1192 2191 2200 1
1195 1207 2191 2200 1
22 64 2194 2205 1
157 169 2194 2203 1
178 196 2194 2203 1
199 217 2197 2203 1
286 298 2194 2202 1
313 325 2194 2202 1
406 418 2194 2202 1
1414 1423 2200 2209 1
1498 1510 2200 2211 1
1195 1207 2203 2212 1
1222 1240 2203 2210 1
661 679 2206 2212 1
1519 1537 2200 2210 1
1777 1807 2203 2218 1
28 40 2209 2217 1
172 193 2206 2217 1
253 265 2206 2215 1
274 301 2209 2230 1
337 355 2206 2215 1
481 496 2209 2217 1
112 160 2206 2230 1
1318 1327 2212 2222 1
1432 1441 2212 2225 1
1498 1507 2212 2223 1
610 625 2218 2227 1
1180 1189 2215 2224 1
1465 1495 2215 2226 1
1570 1585 2215 2226 1
85 106 2221 2229 1
178 199 2221 2229 1
292 337 2221 2242 1
328 349 2221 2230 1
1264 1288 2215 2235 1
22 76 2221 2230 1
1294 1306 2227 2235 1
1366 1378 2224 2236 1
1186 1213 2230 2238 1
1228 1237 2227 2236 1
1240 1252 2230 2241 1
1321 1351 2227 2236 1
1420 1429 2227 2236 1
1462 1492 2227 2238 1
1588 1606 2227 2237 1
115 127 2233 2242 1
202 214 2233 2242 1
217 229 2233 2243 1
265 277 2233 2241 1
415 430 2233 2241 1
433 445 2233 2242 1
592 619 2233 2240 1
31 58 2233 2244 1
160 181 2233 2242 1
1180 1198 2242 2249 1
1273 1285 2242 2248 1
1309 1321 2239 2248 1
1348 1378 2239 2250 1
1408 1417 2242 2249 1
1483 1492 2242 2251 1
511 523 2242 2253 1
598 610 2242 2253 1
643 676 2242 2263 1
1516 1552 2227 2251 1
1714 1741 2233 2250 1
166 178 2248 2257 1
277 295 2248 2254 1
397 409 2245 2255 1
181 205 2248 2256 1
1207 1225 2254 2263 1
1255 1285 2251 2263 1
1408 1417 2251 2262 1
1432 1456 2254 2263 1
1507 1522 2257 2263 1
1588 1609 2257 2263 1
292 313 2257 2267 1
316 328 2260 2268 1
439 457 2257 2266 1
22 52 2248 2270 1
115 145 2260 2269 1
1777 1798 2257 2273 1
1816 1837 2260 2270 1
1342 1354 2266 2273 1
1747 1765 2260 2270 1
622 640 2266 2277 1
661 673 2266 2276 1
1201 1210 2269 2274 1
1270 1288 2266 2273 1
1432 1444 2269 2277 1
1453 1501 2266 2278 1
1558 1588 2266 2278 1
100 115 2272 2283 1
139 166 2272 2281 1
178 196 2272 2282 1
370 382 2272 2282 1
517 526 2269 2278 1
565 592 2269 2279 1
199 214 2272 2281 1
340 352 2260 2280 1
1186 1198 2278 2288 1
1270 1288 2278 2289 1
1297 1315 2281 2287 1
1324 1345 2278 2286 1
352 370 2284 2293 1
532 553 2284 2293 1
601 625 2284 2291 1
1531 1555 2281 2288 1
1558 1588 2281 2291 1
130 148 2284 2294 1
169 190 2284 2294 1
217 229 2284 2295 1
316 334 2287 2293 1
1468 1483 2281 2293 1
859 922 2278 2370 1
1258 1270 2290 2299 1
1345 1357 2293 2299 1
1402 1420 2293 2303 1
583 595 2296 2303 1
1489 1519 2290 2301 1
1729 1744 2296 2306 1
55 67 2299 2308 1
100 124 2299 2307 1
196 217 2299 2308 1
220 229 2299 2306 1
253 265 2299 2306 1
283 295 2299 2306 1
337 346 2299 2305 1
352 364 2296 2305 1
442 457 2299 2305 1
1843 1858 2296 2308 1
70 91 2299 2309 1
139 154 2299 2306 1
1696 1714 2296 2307 1
1861 1888 2299 2308 1
1195 1258 2305 2327 1
1270 1288 2305 2312 1
1477 1495 2308 2314 1
61 76 2311 2320 1
154 166 2311 2320 1
361 376 2311 2319 1
541 559 2311 2316 1
634 658 2305 2317 1
25 40 2311 2321 1
85 94 2311 2320 1
124 133 2311 2320 1
169 178 2311 2321 1
268 289 2311 2319 1
442 454 2308 2318 1
1825 1834 2311 2320 1
1846 1864 2311 2323 1
1867 1900 2311 2321 1
562 574 2320 2329 1
643 652 2320 2327 1
667 682 2317 2328 1
1282 1309 2317 2326 1
1312 1351 2314 2338 1
1444 1468 2320 2327 1
25 40 2323 2334 1
490 502 2320 2330 1
589 613 2323 2328 1
1504 1528 2317 2327 1
517 532 2311 2330 1
1681 1702 2311 2332 1
1792 1828 2326 2345 1
1906 1915 2326 2332 1
1924 1939 2326 2333 1
1228 1240 2332 2337 1
1249 1261 2332 2338 1
1273 1288 2332 2340 1
1480 1507 2332 2342 1
424 436 2335 2344 1
592 604 2335 2343 1
661 688 2332 2342 1
1447 1471 2329 2340 1
100 112 2338 2347 1
172 184 2338 2346 1
301 313 2338 2345 1
367 388 2335 2344 1
406 421 2335 2345 1
1672 1711 2338 2346 1
1729 1738 2335 2346 1
1879 1897 2335 2345 1
25 46 2338 2346 1
148 163 2341 2346 1
1291 1309 2344 2351 1
1360 1378 2344 2352 1
622 640 2335 2354 1
1180 1207 2344 2365 1
1252 1282 2344 2364 1
1432 1456 2344 2355 1
1537 1555 2347 2353 1
1591 1606 2344 2354 1
115 130 2350 2359 1
298 310 2347 2358 1
442 454 2350 2357 1
559 571 2347 2355 1
31 43 2350 2359 1
55 76 2350 2359 1
154 172 2347 2358 1
385 409 2350 2370 1
1285 1321 2353 2377 1
673 688 2359 2367 1
1198 1231 2356 2365 1
1414 1426 2359 2365 1
1453 1471 2356 2367 1
1561 1600 2356 2368 1
58 70 2362 2372 1
208 220 2362 2370 1
271 283 2362 2370 1
334 349 2362 2370 1
544 562 2359 2368 1
1771 1783 2362 2375 1
1900 1942 2335 2374 1
31 43 2365 2374 1
127 148 2362 2371 1
166 178 2362 2371 1
415 436 2362 2370 1
1855 1879 2359 2370 1
1717 1729 2362 2374 1
1732 1756 2362 2383 1
1474 1486 2371 2379 1
1489 1510 2371 2381 1
526 547 2374 2380 1
1438 1456 2371 2379 1
1681 1699 2350 2382 1
25 37 2377 2386 1
100 109 2377 2385 1
124 136 2377 2386 1
196 217 2377 2385 1
286 295 2377 2384 1
421 430 2377 2383 1
1795 1840 2350 2383 1
1843 1873 2374 2386 1
1900 1912 2377 2385 1
58 70 2377 2386 1
844 856 2377 2386 1
1030 1039 2380 2389 1
1069 1081 2377 2389 1
730 745 2380 2389 1
904 937 2377 2388 1
955 973 2380 2388 1
1702 1720 2377 2395 1
88 103 2389 2397 1
148 169 2386 2397 1
178 190 2389 2398 1
193 202 2389 2397 1
295 307 2389 2398 1
352 373 2389 2396 1
403 418 2386 2395 1
502 532 2383 2394 1
1426 1441 2386 2395 1
1534 1549 2386 2395 1
1810 1825 2389 2397 1
1849 1861 2389 2395 1
1900 1936 2389 2395 1
136 145 2389 2397 1
217 229 2386 2398 1
262 286 2389 2398 1
1063 1090 2392 2401 1
1102 1114 2392 2401 1
1117 1141 2392 2401 1
1279 1309 2386 2413 1
754 775 2395 2415 1
826 838 2395 2414 1
865 877 2392 2401 1
934 973 2392 2403 1
1012 1024 2392 2400 1
1171 1240 2392 2410 1
556 574 2386 2406 1
217 229 2401 2411 1
310 322 2401 2410 1
340 352 2401 2409 1
1507 1522 2398 2420 1
1579 1591 2401 2411 1
1642 1663 2395 2408 1
1699 1717 2401 2409 1
1720 1732 2401 2408 1
61 73 2404 2411 1
76 94 2404 2411 1
127 139 2404 2412 1
283 295 2401 2410 1
442 454 2401 2409 1
853 868 2404 2414 1
1333 1357 2401 2413 1
1525 1549 2398 2421 1
1786 1804 2398 2408 1
1843 1864 2401 2409 1
166 178 2401 2411 1
904 925 2407 2414 1
1015 1027 2404 2413 1
580 622 2410 2418 1
1420 1462 2410 2423 1
1717 1729 2413 2421 1
1810 1828 2413 2420 1
1855 1873 2413 2420 1
76 97 2416 2437 1
115 133 2416 2423 1
136 160 2416 2422 1
262 283 2416 2424 1
313 337 2413 2422 1
340 352 2416 2423 1
409 421 2416 2422 1
439 451 2413 2421 1
1558 1573 2413 2421 1
1783 1807 2413 2422 1
1873 1939 2398 2432 1
1201 1228 2422 2426 1
529 547 2413 2431 1
556 574 2425 2432 1
613 625 2425 2430 1
637 658 2422 2429 1
679 691 2422 2429 1
1642 1663 2425 2433 1
1711 1726 2425 2432 1
1735 1777 2425 2432 1
109 133 2428 2436 1
148 169 2428 2437 1
184 205 2428 2437 1
262 274 2425 2436 1
277 289 2428 2436 1
343 355 2428 2437 1
367 379 2428 2435 1
382 394 2425 2435 1
418 430 2425 2434 1
1540 1561 2425 2434 1
1843 1855 2425 2432 1
28 52 2404 2437 1
538 556 2437 2444 1
637 649 2437 2443 1
1642 1654 2437 2445 1
1786 1819 2437 2446 1
1822 1861 2437 2459 1
79 100 2440 2450 1
139 151 2440 2449 1
307 319 2440 2448 1
346 358 2440 2449 1
385 397 2440 2447 1
415 430 2437 2447 1
1453 1468 2437 2446 1
1504 1519 2428 2447 1
25 58 2443 2451 1
118 136 2440 2449 1
262 274 2440 2449 1
1057 1069 2443 2449 1
583 610 2434 2458 1
673 685 2449 2455 1
1681 1735 2434 2457 1
196 217 2452 2460 1
379 391 2452 2461 1
505 529 2437 2457 1
1420 1432 2452 2460 1
1495 1507 2449 2460 1
1510 1528 2452 2459 1
1642 1663 2449 2457 1
1870 1939 2434 2472 1
127 142 2455 2461 1
409 436 2449 2459 1
40 52 2455 2463 1
538 562 2458 2470 1
1642 1654 2461 2469 1
1762 1786 2461 2470 1
646 682 2458 2469 1
1468 1492 2461 2472 1
1681 1720 2458 2483 1
1837 1867 2461 2483 1
88 100 2464 2475 1
103 115 2467 2474 1
307 319 2467 2474 1
328 340 2464 2474 1
346 355 2467 2473 1
1549 1561 2461 2472 1
118 139 2467 2474 1
283 304 2467 2475 1
679 691 2470 2480 1
574 586 2476 2481 1
604 628 2473 2482 1
1726 1747 2458 2482 1
1786 1807 2473 2483 1
1816 1834 2476 2482 1
1873 1891 2473 2483 1
1900 1915 2476 2483 1
130 139 2479 2487 1
217 229 2479 2488 1
277 286 2479 2487 1
307 322 2476 2486 1
637 649 2473 2488 1
1450 1486 2476 2487 1
52 73 2479 2489 1
76 100 2479 2487 1
583 598 2485 2494 1
655 676 2482 2495 1
1663 1684 2488 2494 1
1750 1765 2488 2494 1
1819 1846 2485 2495 1
493 517 2485 2497 1
1411 1441 2488 2497 1
1786 1801 2485 2495 1
88 115 2491 2502 1
184 214 2476 2499 1
262 292 2494 2503 1
433 451 2491 2501 1
1519 1570 2479 2498 1
1594 1609 2491 2498 1
661 685 2500 2507 1
1651 1666 2500 2517 1
1687 1699 2500 2507 1
1735 1750 2497 2507 1
1864 1927 2485 2507 1
562 574 2500 2508 1
1474 1495 2500 2510 1
1510 1522 2503 2512 1
1717 1732 2500 2507 1
34 61 2506 2515 1
169 181 2503 2512 1
184 196 2503 2512 1
355 367 2506 2514 1
1414 1432 2500 2512 1
253 283 2506 2516 1
1561 1585 2503 2523 1
574 592 2512 2521 1
679 691 2512 2520 1
1744 1762 2512 2520 1
1828 1846 2509 2518 1
523 559 2512 2521 1
37 49 2518 2528 1
217 226 2515 2526 1
406 418 2518 2526 1
52 70 2518 2527 1
337 373 2518 2542 1
598 628 2509 2532 1
262 283 2521 2529 1
1666 1684 2524 2530 1
1735 1774 2521 2530 1
1816 1840 2524 2531 1
1909 1930 2524 2533 1
484 496 2527 2534 1
532 559 2527 2533 1
106 127 2530 2539 1
160 175 2527 2538 1
214 226 2527 2538 1
1399 1465 2512 2551 1
1531 1552 2503 2538 1
130 142 2530 2538 1
187 208 2527 2538 1
262 274 2533 2542 1
433 454 2533 2539 1
25 37 2533 2541 1
1717 1729 2533 2543 1
1927 1942 2536 2544 1
625 640 2539 2545 1
1651 1672 2533 2543 1
1855 1873 2533 2544 1
199 214 2542 2550 1
490 508 2539 2548 1
1480 1492 2539 2549 1
1549 1600 2539 2564 1
52 70 2545 2552 1
322 334 2545 2555 1
346 358 2545 2554 1
295 304 2548 2553 1
1651 1681 2545 2555 1
1705 1723 2548 2561 1
1771 1819 2533 2569 1
1846 1876 2548 2557 1
523 532 2551 2560 1
553 571 2551 2560 1
682 691 2551 2557 1
1729 1747 2548 2556 1
484 496 2551 2559 1
664 676 2551 2559 1
1423 1438 2554 2563 1
1495 1507 2554 2562 1
406 418 2557 2566 1
1510 1534 2542 2562 1
46 55 2557 2567 1
643 676 2560 2570 1
1633 1657 2560 2570 1
1858 1876 2563 2569 1
523 550 2566 2572 1
1549 1570 2566 2575 1
499 508 2566 2585 1
1402 1432 2566 2577 1
1456 1474 2569 2575 1
1516 1534 2566 2575 1
103 115 2572 2577 1
184 202 2566 2576 1
286 307 2572 2580 1
406 415 2569 2578 1
1909 1942 2563 2581 1
658 691 2572 2582 1
1699 1729 2575 2581 1
1774 1786 2575 2581 1
1804 1816 2575 2583 1
1825 1846 2575 2581 1
907 931 2581 2593 1
985 997 2581 2593 1
1033 1078 2578 2593 1
1549 1600 2578 2601 1
124 139 2584 2591 1
190 202 2581 2591 1
214 226 2581 2589 1
316 325 2584 2592 1
334 346 2584 2590 1
373 385 2584 2591 1
430 448 2572 2591 1
496 508 2587 2598 1
1189 1213 2578 2592 1
1759 1774 2584 2593 1
1825 1843 2587 2593 1
1933 1945 2584 2594 1
550 562 2590 2599 1
577 589 2590 2599 1
649 661 2590 2596 1
829 877 2581 2595 1
535 544 2593 2597 1
1435 1468 2578 2603 1
145 157 2596 2603 1
286 298 2599 2606 1
322 331 2599 2608 1
370 385 2596 2605 1
427 448 2596 2606 1
1672 1684 2599 2606 1
1702 1714 2596 2608 1
1780 1840 2599 2618 1
1873 1885 2599 2606 1
643 655 2602 2610 1
25 46 2608 2618 1
1408 1444 2605 2613 1
1480 1492 2608 2614 1
109 121 2608 2616 1
319 331 2611 2618 1
334 346 2611 2618 1
1675 1693 2611 2618 1
1702 1717 2611 2618 1
1744 1756 2611 2618 1
1759 1777 2608 2618 1
1924 1936 2605 2619 1
955 976 2611 2622 1
1027 1036 2611 2623 1
1084 1093 2611 2621 1
1192 1213 2614 2623 1
1339 1351 2614 2623 1
493 517 2614 2624 1
985 1009 2617 2624 1
25 46 2620 2631 1
67 94 2620 2630 1
292 313 2611 2631 1
349 379 2611 2633 1
418 430 2623 2631 1
316 334 2623 2631 1
634 646 2626 2634 1
1312 1327 2623 2634 1
520 532 2629 2636 1
601 610 2626 2635 1
670 679 2626 2634 1
832 868 2626 2651 1
853 874 2629 2636 1
919 940 2629 2637 1
943 958 2626 2636 1
1114 1126 2626 2635 1
1240 1261 2626 2637 1
1336 1360 2626 2636 1
550 565 2626 2636 1
715 742 2629 2637 1
751 766 2626 2639 1
1474 1507 2623 2640 1
217 229 2635 2641 1
163 187 2635 2642 1
358 373 2638 2644 1
433 445 2635 2643 1
1654 1681 2620 2643 1
1792 1804 2638 2644 1
1867 1888 2635 2646 1
52 64 2635 2645 1
256 268 2638 2645 1
784 805 2638 2649 1
949 979 2638 2662 1
982 997 2641 2648 1
1006 1024 2638 2648 1
1198 1231 2638 2673 1
1285 1303 2638 2647 1
1309 1321 2641 2647 1
1768 1780 2638 2646 1
745 757 2644 2649 1
1267 1279 2638 2648 1
34 46 2647 2656 1
94 109 2644 2655 1
112 124 2647 2656 1
181 199 2647 2654 1
1423 1453 2641 2656 1
1528 1588 2644 2658 1
1750 1762 2647 2656 1
259 283 2650 2658 1
325 352 2638 2658 1
1465 1507 2641 2656 1
1654 1672 2647 2656 1
1675 1699 2650 2656 1
1708 1717 2644 2656 1
1099 1138 2650 2662 1
1141 1156 2653 2661 1
1237 1249 2653 2661 1
1006 1036 2653 2661 1
1258 1327 2650 2675 1
106 118 2659 2668 1
160 184 2659 2668 1
661 679 2659 2670 1
745 757 2653 2664 1
835 853 2656 2664 1
34 43 2662 2669 1
256 280 2662 2671 1
283 301 2662 2670 1
322 334 2662 2670 1
409 421 2662 2669 1
592 613 2656 2670 1
1351 1378 2650 2673 1
1705 1720 2662 2668 1
1726 1735 2662 2668 1
1756 1777 2662 2682 1
1858 1870 2662 2671 1
1888 1942 2659 2695 1
511 529 2659 2671 1
682 691 2659 2671 1
1060 1072 2665 2674 1
982 991 2668 2674 1
1147 1165 2665 2674 1
1168 1180 2665 2676 1
211 223 2671 2680 1
721 742 2659 2677 1
784 793 2668 2675 1
1549 1600 2668 2679 1
127 139 2671 2680 1
169 187 2671 2681 1
355 382 2674 2682 1
448 460 2674 2683 1
1807 1903 2659 2707 1
49 67 2674 2683 1
316 328 2677 2696 1
880 892 2680 2689 1
1081 1099 2668 2686 1
1126 1138 2680 2686 1
1174 1186 2680 2686 1
499 511 2683 2694 1
517 529 2683 2693 1
652 670 2683 2691 1
799 835 2668 2688 1
1237 1246 2677 2688 1
1423 1435 2680 2690 1
1585 1609 2683 2696 1
79 100 2683 2694 1
127 139 2686 2695 1
181 199 2686 2692 1
1516 1531 2683 2690 1
1540 1549 2683 2690 1
1735 1756 2674 2696 1
43 58 2686 2695 1
106 121 2686 2694 1
391 412 2689 2695 1
433 460 2686 2697 1
1084 1096 2689 2704 1
1120 1132 2689 2700 1
1240 1267 2689 2701 1
1300 1312 2689 2699 1
1348 1378 2692 2700 1
853 871 2692 2701 1
934 952 2692 2701 1
961 973 2695 2702 1
1003 1036 2692 2700 1
1402 1414 2692 2703 1
1456 1486 2692 2705 1
1519 1531 2692 2703 1
214 232 2695 2707 1
523 535 2698 2707 1
550 571 2695 2710 1
1630 1684 2674 2721 1
1705 1720 2686 2704 1
28 40 2701 2707 1
145 166 2698 2707 1
190 202 2698 2706 1
1768 1780 2698 2709 1
1789 1801 2701 2707 1
1198 1210 2704 2711 1
1234 1252 2704 2714 1
1255 1276 2704 2711 1
1303 1330 2701 2713 1
1339 1354 2701 2713 1
793 808 2707 2713 1
853 883 2704 2713 1
922 952 2707 2713 1
1072 1102 2707 2714 1
1138 1183 2689 2713 1
1423 1441 2704 2717 1
1564 1582 2707 2716 1
1402 1414 2707 2717 1
340 349 2713 2722 1
403 415 2713 2722 1
418 430 2710 2720 1
448 457 2713 2720 1
1756 1786 2710 2722 1
1837 1870 2710 2719 1
1885 1894 2710 2720 1
28 55 2713 2722 1
886 895 2719 2726 1
922 934 2719 2726 1
970 985 2719 2726 1
1009 1036 2719 2728 1
1102 1114 2719 2728 1
1297 1306 2716 2725 1
1567 1576 2719 2729 1
1735 1750 2722 2731 1
79 103 2722 2733 1
211 232 2722 2731 1
1645 1669 2722 2731 1
1714 1732 2713 2731 1
1807 1822 2725 2732 1
1825 1843 2722 2734 1
1894 1936 2722 2747 1
256 274 2728 2737 1
277 292 2728 2735 1
1870 1903 2725 2732 1
1021 1036 2731 2740 1
1207 1225 2728 2738 1
1234 1267 2728 2738 1
1291 1330 2728 2750 1
1336 1366 2728 2739 1
676 691 2734 2742 1
793 823 2731 2739 1
967 979 2731 2738 1
1135 1153 2731 2750 1
1402 1417 2734 2741 1
1426 1462 2722 2743 1
1516 1564 2719 2741 1
1570 1597 2734 2743 1
109 124 2737 2745 1
169 187 2737 2744 1
511 523 2737 2744 1
529 559 2734 2746 1
616 625 2737 2744 1
637 652 2737 2742 1
1465 1501 2731 2741 1
1630 1660 2734 2744 1
1660 1741 2737 2783 1
1765 1780 2734 2744 1
1786 1807 2734 2744 1
1840 1870 2737 2746 1
43 55 2740 2747 1
79 97 2737 2747 1
154 166 2737 2746 1
304 316 2740 2746 1
319 337 2740 2747 1
412 424 2740 2746 1
1210 1240 2740 2752 1
1243 1276 2740 2752 1
1333 1342 2740 2750 1
544 580 2746 2770 1
757 766 2746 2755 1
922 943 2743 2754 1
1072 1087 2746 2752 1
1171 1204 2740 2752 1
1402 1417 2746 2755 1
1420 1444 2746 2756 1
1504 1528 2743 2756 1
1573 1591 2746 2756 1
169 184 2746 2758 1
607 628 2749 2756 1
1630 1657 2746 2756 1
1747 1762 2746 2769 1
1768 1780 2749 2759 1
1816 1915 2749 2772 1
43 55 2749 2761 1
103 124 2749 2760 1
136 160 2749 2758 1
373 385 2752 2761 1
448 460 2749 2760 1
286 307 2752 2760 1
415 427 2752 2759 1
679 691 2758 2767 1
865 904 2755 2766 1
1057 1069 2755 2766 1
1072 1084 2758 2764 1
1189 1207 2758 2765 1
1309 1357 2755 2776 1
628 667 2758 2769 1
760 784 2758 2765 1
1402 1420 2758 2767 1
1429 1438 2761 2766 1
1477 1510 2758 2767 1
1588 1609 2761 2769 1
1633 1645 2758 2769 1
1714 1738 2758 2781 1
103 127 2764 2783 1
343 358 2764 2772 1
484 505 2764 2769 1
1780 1798 2761 2779 1
1924 1942 2761 2770 1
256 268 2764 2775 1
280 295 2764 2773 1
418 430 2764 2772 1
757 787 2767 2792 1
973 985 2770 2778 1
1072 1111 2767 2791 1
1144 1174 2767 2776 1
1186 1213 2767 2777 1
1228 1237 2770 2775 1
1285 1303 2767 2776 1
1348 1372 2770 2788 1
1453 1465 2770 2780 1
616 667 2773 2782 1
769 796 2770 2778 1
907 916 2770 2777 1
1750 1768 2773 2782 1
34 61 2764 2784 1
166 184 2776 2784 1
385 397 2776 2785 1
484 493 2773 2782 1
496 514 2776 2782 1
532 544 2776 2781 1
1813 1825 2773 2782 1
70 97 2776 2783 1
136 163 2776 2783 1
292 304 2779 2786 1
361 379 2776 2787 1
952 964 2779 2790 1
1018 1030 2782 2790 1
556 580 2785 2794 1
1174 1198 2782 2800 1
1465 1492 2782 2805 1
1513 1534 2773 2795 1
1537 1567 2770 2793 1
1705 1717 2785 2794 1
70 85 2788 2796 1
442 457 2788 2798 1
598 610 2788 2793 1
640 661 2788 2793 1
1633 1648 2785 2794 1
1675 1696 2788 2794 1
1858 1888 2788 2809 1
1924 1942 2788 2795 1
268 283 2788 2799 1
289 307 2788 2799 1
331 343 2791 2809 1
385 406 2791 2799 1
529 547 2785 2796 1
1096 1108 2794 2802 1
1129 1147 2794 2801 1
679 691 2797 2805 1
943 961 2797 2803 1
1150 1168 2791 2801 1
1402 1438 2794 2807 1
40 70 2800 2823 1
148 160 2800 2808 1
193 205 2800 2808 1
511 541 2800 2818 1
583 595 2800 2806 1
1519 1552 2797 2807 1
1591 1603 2794 2805 1
1651 1687 2797 2811 1
1789 1798 2800 2808 1
1825 1846 2800 2820 1
1852 1864 2800 2807 1
73 91 2803 2810 1
124 139 2800 2809 1
163 190 2788 2809 1
280 292 2803 2811 1
361 373 2803 2812 1
295 307 2803 2812 1
802 814 2806 2815 1
817 829 2809 2817 1
886 901 2809 2817 1
958 967 2806 2815 1
1240 1264 2806 2815 1
1318 1327 2806 2814 1
1336 1372 2803 2817 1
154 169 2812 2821 1
181 193 2812 2821 1
220 232 2812 2823 1
547 559 2812 2820 1
1408 1450 2809 2821 1
1465 1483 2806 2818 1
1522 1549 2809 2818 1
1591 1606 2812 2818 1
1687 1699 2812 2821 1
1708 1738 2809 2821 1
1747 1762 2809 2819 1
1882 1903 2812 2821 1
64 79 2815 2823 1
265 292 2815 2825 1
421 433 2812 2823 1
802 823 2821 2829 1
1060 1087 2818 2830 1
1090 1099 2821 2827 1
1123 1138 2821 2827 1
1213 1231 2821 2829 1
1267 1285 2821 2829 1
1294 1336 2818 2840 1
1354 1366 2818 2827 1
616 628 2824 2836 1
877 886 2818 2828 1
88 103 2827 2835 1
499 523 2827 2835 1
43 70 2827 2836 1
301 316 2830 2838 1
322 334 2827 2837 1
1825 1834 2830 2842 1
1159 1189 2830 2842 1
1339 1351 2833 2842 1
1519 1555 2830 2856 1
724 748 2833 2844 1
763 775 2836 2842 1
784 796 2836 2842 1
949 964 2830 2843 1
1921 1942 2830 2844 1
70 82 2839 2848 1
505 514 2839 2845 1
1399 1471 2833 2853 1
100 121 2839 2847 1
145 169 2836 2848 1
679 691 2848 2857 1
781 793 2848 2856 1
1060 1078 2848 2854 1
1927 1942 2845 2858 1
373 391 2845 2858 1
412 439 2845 2858 1
529 541 2848 2859 1
562 574 2851 2858 1
583 595 2851 2860 1
604 619 2848 2857 1
628 640 2851 2857 1
652 670 2851 2857 1
844 862 2848 2857 1
1828 1837 2848 2855 1
64 73 2854 2861 1
94 106 2854 2861 1
112 133 2854 2860 1
484 499 2854 2859 1
