895 994 37 160 2
1867 1882 34 55 2
103 133 64 93 2
310 337 64 92 2
1117 1243 34 157 2
1003 1108 37 158 2
376 403 64 92 2
343 367 64 93 2
70 100 64 93 2
139 166 64 93 2
259 286 121 149 2
136 169 121 149 2
187 220 121 149 2
328 343 232 261 2
1132 1150 226 255 2
1174 1210 226 254 2
190 208 235 261 2
1060 1078 229 256 2
1234 1255 226 253 2
145 169 235 262 2
262 280 235 261 2
388 406 235 261 2
466 484 232 260 2
520 535 232 259 2
652 673 232 259 2
943 967 229 256 2
1006 1024 229 256 2
442 460 232 260 2
487 505 232 260 2
283 301 235 261 2
1081 1096 229 255 2
718 733 232 258 2
685 703 232 259 2
820 835 232 258 2
172 187 235 262 2
1288 1345 286 360 2
904 952 289 363 2
1066 1120 289 362 2
595 673 292 367 2
61 121 295 369 2
208 247 295 369 2
253 319 295 369 2
832 898 289 365 2
466 559 292 367 2
1198 1255 286 360 2
406 460 295 368 2
679 733 292 366 2
1648 1687 355 381 2
1027 1081 394 470 2
613 691 397 474 2
1159 1234 391 468 2
1084 1156 394 469 2
949 1012 394 470 2
61 127 400 476 2
268 310 400 475 2
865 931 397 472 2
322 388 400 476 2
538 604 397 475 2
1075 1099 499 532 2
343 370 502 538 2
901 928 508 541 2
1039 1060 508 539 2
667 691 511 536 2
721 733 511 535 2
844 868 511 542 2
871 895 511 534 2
289 313 514 538 2
1174 1201 505 530 2
604 631 514 536 2
1228 1261 505 537 2
1264 1285 505 529 2
1288 1321 505 529 2
1324 1345 505 536 2
1117 1141 508 531 2
1204 1225 496 530 2
196 238 505 539 2
775 793 508 535 2
799 817 511 535 2
931 952 508 534 2
406 427 514 538 2
454 478 514 537 2
544 571 502 537 2
151 169 511 539 2
172 193 514 539 2
241 262 514 539 2
262 274 577 597 2
1267 1291 580 600 2
25 43 616 636 2
1273 1288 646 665 2
1315 1327 643 666 2
1363 1378 715 741 2
1042 1063 772 813 2
1204 1237 769 812 2
1351 1372 769 811 2
1585 1606 769 811 2
1267 1297 769 812 2
1375 1399 769 812 2
1324 1345 769 812 2
1417 1447 769 811 2
1120 1147 772 813 2
940 970 772 814 2
1903 1930 811 833 2
1771 1789 808 833 2
1696 1723 811 833 2
1189 1210 832 877 2
1870 1915 835 862 2
1135 1168 835 877 2
1534 1555 832 875 2
991 1012 835 878 2
1507 1531 832 876 2
1057 1078 835 877 2
1213 1243 835 877 2
1339 1357 832 875 2
1393 1414 832 876 2
1459 1477 832 876 2
1741 1768 835 861 2
1561 1582 835 877 2
1816 1831 853 875 2
1318 1330 910 932 2
1033 1045 913 940 2
1216 1231 910 932 2
1423 1447 910 932 2
1774 1810 895 917 2
1450 1465 910 937 2
1468 1495 910 938 2
1192 1204 913 932 2
1048 1060 913 940 2
1114 1126 913 932 2
1387 1420 907 938 2
1003 1015 901 934 2
1285 1303 913 932 2
1786 1801 949 974 2
1855 1870 964 989 2
1789 1807 1027 1050 2
1687 1705 1027 1057 2
1708 1726 1027 1057 2
1768 1786 1027 1057 2
1828 1846 1090 1114 2
1807 1825 1090 1114 2
1552 1570 1081 1101 2
1897 1921 1090 1115 2
1741 1759 1090 1114 2
1666 1684 1093 1115 2
1924 1939 1090 1121 2
352 367 1216 1237 2
25 58 1291 1344 2
409 427 1303 1341 2
322 340 1306 1341 2
430 448 1303 1348 2
220 241 1291 1342 2
61 85 1303 1353 2
109 145 1306 1351 2
106 127 1372 1418 2
181 202 1372 1408 2
220 241 1369 1407 2
34 55 1372 1409 2
325 361 1354 1407 2
133 154 1372 1417 2
274 310 1360 1407 2
367 385 1372 1406 2
1315 1339 1405 1427 2
1516 1546 1399 1419 2
1399 1411 1399 1419 2
43 70 1465 1487 2
109 127 1462 1486 2
166 178 1465 1485 2
22 37 1477 1500 2
22 49 1594 1615 2
1516 1531 1594 1613 2
115 136 1672 1691 2
145 178 1696 1716 2
706 721 1714 1733 2
814 832 1714 1739 2
1903 1918 1705 1728 2
676 694 1714 1740 2
1897 1915 1732 1754 2
1843 1876 1747 1766 2
1057 1072 1783 1803 2
1315 1336 1780 1800 2
1765 1777 1804 1834 2
1780 1807 1804 1834 2
1861 1885 1804 1833 2
1744 1756 1804 1834 2
1846 1858 1804 1833 2
1888 1903 1804 1834 2
1828 1843 1804 1834 2
1699 1741 1804 1834 2
1651 1675 1846 1876 2
1741 1753 1846 1877 2
1906 1918 1846 1876 2
1756 1783 1846 1876 2
1801 1813 1846 1876 2
1846 1858 1846 1876 2
1453 1465 1840 1862 2
1678 1690 1846 1876 2
1705 1717 1855 1876 2
49 79 1867 1897 2
1504 1519 1894 1913 2
955 1075 1891 2027 2
91 109 1987 2011 2
739 925 1813 2039 2
1660 1723 2023 2052 2
1726 1798 2023 2051 2
1810 1939 2023 2054 2
1732 1753 2068 2097 2
1900 1921 2068 2097 2
1759 1840 2068 2097 2
103 139 2095 2119 2
145 163 2095 2119 2
358 373 2086 2112 2
1819 1840 2119 2139 2
1651 1693 2119 2139 2
1720 1795 2119 2147 2
1696 1714 2119 2146 2
145 184 2146 2165 2
106 118 2158 2178 2
1849 1867 2230 2249 2
1804 1846 2230 2250 2
55 70 2245 2268 2
97 112 2233 2255 2
709 733 2281 2302 2
1642 1672 2293 2325 2
52 73 2323 2346 2
187 199 2326 2347 2
76 97 2326 2346 2
1123 1168 2452 2487 2
1228 1267 2452 2495 2
964 985 2452 2496 2
988 1024 2443 2496 2
1171 1213 2452 2487 2
1339 1354 2452 2487 2
784 871 2437 2496 2
922 940 2452 2489 2
1303 1315 2452 2487 2
1408 1423 2464 2485 2
1123 1144 2518 2553 2
712 751 2521 2565 2
874 895 2521 2564 2
1084 1096 2527 2554 2
1147 1168 2518 2563 2
919 937 2521 2556 2
673 685 2521 2544 2
754 772 2521 2557 2
1195 1213 2518 2554 2
1339 1357 2518 2554 2
790 871 2506 2565 2
1036 1054 2518 2564 2
1255 1294 2503 2554 2
1297 1318 2518 2563 2
997 1015 2521 2556 2
1897 1915 2536 2556 2
1471 1519 2566 2601 2
1510 1531 2626 2656 2
1813 1831 2686 2707 2
1921 1942 2701 2720 2
1888 1912 2773 2795 2
346 358 2779 2798 2
100 112 2803 2824 2
1588 1609 2830 2856 2
